mean,bias,CI,miss_percent,std,accuracy_a,accuracy_b,bias_perc,median,bias_median,bias_median_perc,iqr,bias_iqr,bias_iqr_perc,bias_std
0.10010467065868264,0.003744389463603545,"(0.09856183600208684, 0.10164750531527844)",0.4130052724077329,0.014333861787217444,0.9504950495049505,0.9181286549707602,0.038858224749501485,0.099965,0.004095000000000001,0.04271409199958279,0.01912499999999999,0.00019499999999998685,0.010301109350237023,0.0002697336495438244
0.10011191044776119,0.00375162925268209,"(0.09862821182530977, 0.1015956090702126)",0.4112478031634446,0.01380522321282884,0.9207920792079208,0.9239766081871345,0.038933357252113096,0.0995,0.0036300000000000082,0.037863773860436094,0.017555,-0.0013750000000000012,0.07263602746962498,-0.00025890492484477966
0.09947063360881542,0.0031103524137363198,"(0.0980137641016896, 0.10092750311594123)",0.36203866432337434,0.014114693233189451,0.8990825688073395,0.935672514619883,0.03227836589060471,0.09874,0.0028699999999999976,0.029936372170647728,0.019205000000000014,0.00027500000000001135,0.014527205493925584,5.0565095515832034e-05
0.09990272988505745,0.003542448689978356,"(0.09840875455252171, 0.1013967052175932)",0.3884007029876977,0.014169924913885612,0.9333333333333333,0.9239766081871345,0.036762539980624925,0.099335,0.0034650000000000097,0.036142693230416294,0.018732500000000013,-0.00019749999999998935,0.01043317485472738,0.00010579677621199227
0.09946316666666666,0.0031028854715875603,"(0.0979930169551647, 0.10093331637816862)",0.36731107205623903,0.014183980232528837,0.9351851851851852,0.9298245614035088,0.0322008760570742,0.09881000000000001,0.002940000000000012,0.030666527589444166,0.018354999999999996,-0.0005750000000000061,0.03037506603275256,0.00011985209485521758
0.09984633802816902,0.0034860568330899178,"(0.09835672015121327, 0.10133595590512476)",0.37609841827768015,0.014270973745222385,0.9439252336448598,0.9298245614035088,0.036177321089718266,0.09968,0.003810000000000008,0.03974131636591226,0.019810000000000008,0.0008800000000000058,0.04648705758056026,0.0002068456075487654
0.09956283185840709,0.003202550663327988,"(0.09807618583863682, 0.10104947787817735)",0.40421792618629176,0.013915584329201704,0.9509803921568627,0.9181286549707602,0.033235173492743346,0.09874,0.0028699999999999976,0.029936372170647728,0.018114999999999992,-0.0008150000000000102,0.043053354463814586,-0.0001485438084719154
0.10028011331444761,0.003919832119368513,"(0.09882461131969279, 0.10173561530920243)",0.37961335676625657,0.013904527895971536,0.9622641509433962,0.9415204678362573,0.04067891947547254,0.09965,0.0037800000000000056,0.03942839261499954,0.018309999999999993,-0.0006200000000000094,0.03275224511357683,-0.00015960024170208302
0.09944631268436578,0.0030860314892866836,"(0.0979796370851117, 0.10091298828361986)",0.40421792618629176,0.013728653434363988,0.9313725490196079,0.9122807017543859,0.03202597015090778,0.09905,0.0031800000000000023,0.03316991759674562,0.017700000000000007,-0.001229999999999995,0.06497622820919148,-0.00033547470330963156
0.09948095930232559,0.003120678107246491,"(0.09802822152231677, 0.1009336970823344)",0.3954305799648506,0.013698822126317456,0.9423076923076923,0.9239766081871345,0.032385523044798435,0.09876499999999999,0.002894999999999995,0.030197141963074943,0.018077499999999996,-0.000852500000000006,0.04503433703116777,-0.00036530601135616354
0.09973423423423423,0.0033739530391551364,"(0.0982145647133996, 0.10125390375506887)",0.4147627416520211,0.014097337325461878,0.96,0.935672514619883,0.035013939325526135,0.09882,0.002950000000000008,0.030770835506415024,0.018570000000000003,-0.0003599999999999992,0.019017432646592666,3.3209187788258224e-05
0.10053453172205438,0.004174250526975287,"(0.09904266578777601, 0.10202639765633276)",0.4182776801405975,0.013797486771852517,0.94,0.9298245614035088,0.043319202426616174,0.09989,0.00402000000000001,0.041931782622301135,0.018079999999999985,-0.0008500000000000174,0.044902271526678146,-0.00026664136582110233
0.09994165662650603,0.0035813754314269336,"(0.0984273934426573, 0.10145591981035476)",0.4165202108963093,0.01402592224527068,0.94,0.9298245614035088,0.0371665107968762,0.0994,0.0035300000000000054,0.03682069469072708,0.018632499999999996,-0.0002975000000000061,0.01571579503433735,-3.820589240293923e-05
0.0997532456140351,0.003392964418956007,"(0.0982234870182547, 0.10128300420981551)",0.3989455184534271,0.014382808907664532,0.941747572815534,0.9473684210526315,0.03521123409848744,0.099315,0.0034450000000000036,0.03593407739647443,0.02012,0.0011899999999999966,0.06286318013734794,0.00031868076999091305
0.09985372434017595,0.00349344314509685,"(0.09834138268444208, 0.10136606599590982)",0.4007029876977153,0.014198102583473857,0.941747572815534,0.935672514619883,0.03625397416622786,0.09929,0.0034200000000000064,0.035673307604047216,0.01933,0.0003999999999999976,0.021130480718436213,0.00013397444580023725
0.09957021276595746,0.0032099315708783577,"(0.09802396076979566, 0.10111646476211925)",0.421792618629174,0.014256885679693897,0.9191919191919192,0.9415204678362573,0.03331177048331695,0.0988,0.002930000000000002,0.030562219672473162,0.01869,-0.0002400000000000041,0.012678288431062022,0.00019275754202027762
0.09966104956268222,0.003300768367603124,"(0.0981369233168409, 0.10118517580852354)",0.39718804920913886,0.014350937722500234,0.970873786407767,0.9298245614035088,0.03425444930905502,0.09847,0.002600000000000005,0.02712005841243356,0.018739999999999993,-0.0001900000000000096,0.01003697834125777,0.00028680958482661494
0.09998063583815028,0.003620354643071186,"(0.09855438358019411, 0.10140688809610646)",0.39191564147627417,0.013488389022975195,0.9423076923076923,0.9239766081871345,0.037571026134117065,0.099405,0.0035349999999999965,0.03687284864921244,0.016932500000000003,-0.0019974999999999993,0.10552033808769144,-0.0005757391146984248
0.09981620178041542,0.0034559205853363223,"(0.09826745200363872, 0.10136495155719212)",0.4077328646748682,0.014453763488551106,0.9215686274509803,0.9298245614035088,0.03586457555411127,0.09934,0.003470000000000001,0.03619484718890165,0.018309999999999993,-0.0006200000000000094,0.03275224511357683,0.0003896353508774861
0.099152,0.0027917188049209063,"(0.09767044119710916, 0.10063355880289085)",0.38488576449912126,0.0140927622708988,0.9333333333333333,0.9415204678362573,0.028971675573145516,0.09873,0.0028600000000000014,0.02983206425367687,0.01748000000000001,-0.001449999999999993,0.07659799260433137,2.863413322518049e-05
0.10005436950146626,0.003694088306387164,"(0.09851114668789536, 0.10159759231503716)",0.4007029876977153,0.014488019775931182,0.941747572815534,0.935672514619883,0.038336213433297996,0.0995,0.0036300000000000082,0.037863773860436094,0.01834999999999999,-0.0005800000000000111,0.03063919704173328,0.0004238916382575623
0.0998073142857143,0.003447033090635196,"(0.09838546218099761, 0.10122916639043097)",0.38488576449912126,0.013524825107887191,0.9047619047619048,0.9298245614035088,0.035772343624203,0.099335,0.0034650000000000097,0.036142693230416294,0.0176375,-0.001292500000000002,0.06827786582144753,-0.0005393030297864282
0.10026822674418603,0.0039079455491069365,"(0.09877096002865879, 0.10176549345971328)",0.3954305799648506,0.014118714811381156,0.9711538461538461,0.9122807017543859,0.040555563979679486,0.099665,0.0037950000000000067,0.039584854490455894,0.01922750000000001,0.0002975000000000061,0.01571579503433735,5.4586673707536504e-05
0.100405,0.0040447188049208965,"(0.09880499670431266, 0.10200500329568733)",0.437609841827768,0.014547786977960355,0.9270833333333334,0.9239766081871345,0.04197495850735906,0.099985,0.0041150000000000075,0.04292270783352464,0.019277500000000003,0.0003475000000000006,0.018357105124141602,0.0004836588402867357
0.10074365217391303,0.004383370978833928,"(0.09926244163293646, 0.10222486271488959)",0.3936731107205624,0.013987741123538512,0.9230769230769231,0.9239766081871345,0.04548939588459583,0.1003,0.004430000000000003,0.04620840721810789,0.018530000000000005,-0.0003999999999999976,0.021130480718436213,-7.638701413510696e-05
0.10067769230769232,0.0043174111126132175,"(0.09920652797458847, 0.10214885664079616)",0.40597539543058,0.013750197387307246,0.9705882352941176,0.9181286549707602,0.04480488287360558,0.1001,0.004229999999999998,0.04412224887868987,0.018135,-0.000795000000000004,0.04199683042789244,-0.00031393075036637366
0.09988175438596492,0.0035214731908858182,"(0.09836871296450196, 0.10139479580742787)",0.3989455184534271,0.014225633831579222,0.970873786407767,0.9122807017543859,0.036544862127962034,0.098825,0.0029549999999999993,0.03082298946490038,0.018362499999999976,-0.0005675000000000263,0.02997886951928295,0.0001615056939056024
0.10020317002881844,0.003842888833739344,"(0.09874351233507042, 0.10166282772256646)",0.39015817223198596,0.013824386439987306,0.9047619047619048,0.9122807017543859,0.03988042361519792,0.0995,0.0036300000000000082,0.037863773860436094,0.017874999999999988,-0.0010550000000000143,0.0557316428948766,-0.00023974169768631315
0.09940234104046242,0.0030420598453833186,"(0.09786666477155756, 0.10093801730936727)",0.39191564147627417,0.014523236554256443,0.9038461538461539,0.9239766081871345,0.03156964475046249,0.098825,0.0029549999999999993,0.03082298946490038,0.0192175,0.0002874999999999961,0.015187533016375914,0.00045910841658282353
0.09934985465116279,0.002989573456083694,"(0.0978740021859162, 0.10082570711640938)",0.3954305799648506,0.013916785729891024,0.9326923076923077,0.935672514619883,0.031024955707957862,0.09873,0.0028600000000000014,0.02983206425367687,0.020082500000000003,0.0011525000000000007,0.06088219756999475,-0.00014734240778259584
0.0997715634218289,0.003411282226749801,"(0.0982363401580144, 0.1013067866856434)",0.40421792618629176,0.014370286206439643,0.9509803921568627,0.9239766081871345,0.03540133117548444,0.09968,0.003810000000000008,0.03974131636591226,0.018390000000000004,-0.0005399999999999988,0.028526148969889,0.0003061580687660232
0.09936757309941521,0.003007291904336115,"(0.09790486250129504, 0.10083028369753538)",0.3989455184534271,0.01375242281887337,0.970873786407767,0.9298245614035088,0.031208832799563175,0.099335,0.0034650000000000097,0.036142693230416294,0.01825250000000002,-0.0006774999999999837,0.03578975171685069,-0.000311705318800249
0.09980083815028902,0.0034405569552099224,"(0.0983433486484278, 0.10125832765215025)",0.39191564147627417,0.013783806678194696,0.8942307692307693,0.9239766081871345,0.03570513610524441,0.098795,0.002924999999999997,0.030510065713987664,0.018424999999999997,-0.0005050000000000054,0.02667723190702617,-0.0002803214594789237
0.09945771830985915,0.003097437114780055,"(0.097971732145933, 0.10094370447378531)",0.37609841827768015,0.014236180875119811,0.9532710280373832,0.9181286549707602,0.0321443345366476,0.0988,0.002930000000000002,0.030562219672473162,0.018875000000000003,-5.4999999999999494e-05,0.00290544109878497,0.00017205273744619158
0.09949332378223495,0.0031330425871558543,"(0.09797409045039623, 0.10101255711407367)",0.3866432337434095,0.014430323311511383,0.9619047619047619,0.9122807017543859,0.03251383815301539,0.09872,0.0028500000000000053,0.02972775633670601,0.018570000000000003,-0.0003599999999999992,0.019017432646592666,0.00036619517383776334
0.09981872727272727,0.0034584460776481696,"(0.09826103641956392, 0.10137641812589061)",0.4200351493848858,0.014384327851413286,0.9494949494949495,0.9181286549707602,0.035890784405730694,0.099415,0.0035450000000000065,0.036977156566183444,0.017854999999999996,-0.0010750000000000065,0.05678816693079801,0.0003201997137396665
0.1006863963963964,0.0043261152013173015,"(0.09917462498522428, 0.10219816780756852)",0.4147627416520211,0.014024069871834905,0.92,0.9239766081871345,0.04489521146746328,0.1005,0.004630000000000009,0.04829456555752591,0.01804,-0.0008900000000000019,0.04701531959852096,-4.005826583871469e-05
0.10000848942598187,0.003648208230902769,"(0.0984893407723144, 0.10152763807964933)",0.4182776801405975,0.014049810356178648,0.94,0.9473684210526315,0.03786008286460952,0.09989,0.00402000000000001,0.041931782622301135,0.01821500000000001,-0.0007149999999999934,0.03777073428420461,-1.4317781494970969e-05
0.10023360703812316,0.003873325843044062,"(0.09873397879367483, 0.10173323528257149)",0.4007029876977153,0.014078747068181624,0.912621359223301,0.9415204678362573,0.040196290369915025,0.09947,0.003600000000000006,0.03755085010952337,0.018809999999999993,-0.00012000000000000899,0.006339144215531377,1.4618930508004946e-05
0.1000131195335277,0.003652838338448608,"(0.09848815448986051, 0.1015380845771949)",0.39718804920913886,0.014358835713492701,0.9223300970873787,0.9239766081871345,0.037908132823455794,0.09968,0.003810000000000008,0.03974131636591226,0.01869499999999999,-0.00023500000000001298,0.012414157422082036,0.0002947075758190816
0.10050169096209913,0.0041414097670200295,"(0.09903407587272281, 0.10196930605147544)",0.39718804920913886,0.013818837386803918,0.970873786407767,0.9415204678362573,0.04297839022113109,0.1002,0.0043300000000000005,0.04516532804839888,0.018320000000000003,-0.0006099999999999994,0.03222398309561539,-0.0002452907508697019
0.09904109792284865,0.0026808167277695555,"(0.0974575985193361, 0.10062459732636121)",0.4077328646748682,0.014778065640962516,0.9607843137254902,0.9239766081871345,0.02782076488903458,0.09872,0.0028500000000000053,0.02972775633670601,0.021079999999999988,0.0021499999999999853,0.11357633386159456,0.0007139375032888962
0.09933023529411764,0.002969954099038538,"(0.09777939470822007, 0.1008810758800152)",0.4024604569420035,0.014538019465318235,0.9705882352941176,0.9239766081871345,0.03082135151749855,0.098795,0.002924999999999997,0.030510065713987664,0.020262500000000003,0.0013325000000000004,0.07039091389329108,0.00047389132764461515
0.09971563218390804,0.0033553509888289423,"(0.09821773104000849, 0.1012135333278076)",0.3884007029876977,0.014207160101803229,0.9142857142857143,0.9239766081871345,0.03482089245916701,0.099485,0.003615000000000007,0.03770731198497974,0.018807500000000005,-0.0001224999999999976,0.006471209720021003,0.00014303196412960954
0.10036898809523812,0.0040087069001590175,"(0.09885476101508223, 0.101883215175394)",0.4094903339191564,0.014110444597325281,0.9603960396039604,0.9239766081871345,0.04160123704956283,0.09986500000000001,0.003995000000000012,0.04167101282987392,0.018517500000000006,-0.0004124999999999962,0.021790808240887277,4.631645965166159e-05
0.09963319884726225,0.003272917652183155,"(0.09818726118999432, 0.10107913650453018)",0.39015817223198596,0.013694444271296732,0.9523809523809523,0.9298245614035088,0.033965422387645494,0.09933,0.0034600000000000047,0.03609053927193079,0.018600000000000005,-0.00032999999999999696,0.017432646592709822,-0.00036968386637688776
0.09976678362573098,0.003406502430651881,"(0.09825575157928564, 0.10127781567217632)",0.3989455184534271,0.01420674166324505,0.970873786407767,0.935672514619883,0.03535172779078444,0.099405,0.0035349999999999965,0.03687284864921244,0.0191075,0.0001774999999999971,0.009376650818805973,0.0001426135255714299
0.09991504531722052,0.003554764122141424,"(0.0983639671939242, 0.10146612344051684)",0.4182776801405975,0.014345109300081106,0.95,0.9181286549707602,0.03689034608507304,0.09996,0.004089999999999996,0.04266193804109728,0.019065,0.00013499999999999623,0.007131537242472066,0.00028098116240748636
0.10016385294117647,0.00380357174609737,"(0.09864984424608494, 0.10167786163626799)",0.4024604569420035,0.01419274687550353,0.9705882352941176,0.9298245614035088,0.03947240189551886,0.09901499999999999,0.003144999999999995,0.0328048398873474,0.01855749999999999,-0.0003725000000000117,0.01967776016904446,0.0001286187378299105
0.09986772861356931,0.0035074474184902116,"(0.0984245714695131, 0.10131088575762552)",0.40421792618629176,0.013508511556441376,0.8823529411764706,0.9181286549707602,0.03639930659178409,0.09933,0.0034600000000000047,0.03609053927193079,0.01829,-0.0006400000000000017,0.033808769149498236,-0.000555616581232243
0.09996620991253644,0.003605928717457338,"(0.09854358240847526, 0.10138883741659761)",0.39718804920913886,0.013395241220210286,0.9611650485436893,0.9181286549707602,0.037421317919955226,0.09934,0.003470000000000001,0.03619484718890165,0.01684999999999999,-0.0020800000000000124,0.10987849973586963,-0.0006688869174633332
0.09924445747800587,0.0028841762829267675,"(0.09774112383530917, 0.10074779112070256)",0.4007029876977153,0.014113533932805464,0.9223300970873787,0.9181286549707602,0.029931173375135976,0.09906,0.0031899999999999984,0.03327422551371648,0.018420000000000006,-0.0005099999999999966,0.026941362916006153,4.9405795131844676e-05
0.09983960244648317,0.0034793212514040717,"(0.09826671624115121, 0.10141248865181512)",0.4253075571177504,0.01445798459513368,0.9494949494949495,0.935672514619883,0.03610742111015916,0.09947,0.003600000000000006,0.03755085010952337,0.019214999999999982,0.0002849999999999797,0.015055467511884822,0.00039385645746006087
0.09996982658959537,0.0036095453945162725,"(0.09849280389037407, 0.10144684928881667)",0.39191564147627417,0.013968536527620382,0.9038461538461539,0.9181286549707602,0.03745885078115156,0.09959000000000001,0.003720000000000015,0.03880254511317425,0.018057500000000004,-0.0008724999999999983,0.04609086106708918,-9.559161005323787e-05
0.09972803680981597,0.0033677556147368726,"(0.09818647666732097, 0.10126959695231097)",0.4270650263620387,0.014148189614392178,0.9897959183673469,0.9239766081871345,0.03494962419130898,0.09989999999999999,0.004029999999999992,0.04203609053927185,0.017895000000000022,-0.0010349999999999804,0.054675118858953,8.406147671855858e-05
0.09959340361445783,0.003233122419378731,"(0.09807721461056997, 0.10110959261834569)",0.4165202108963093,0.014043760229060677,0.92,0.935672514619883,0.033552438611437335,0.09976,0.0038900000000000046,0.04057577970167941,0.01877000000000001,-0.00015999999999999348,0.008452192287374193,-2.036790861294213e-05
0.10002234604105571,0.0036620648459766147,"(0.09848918476833812, 0.1015555073137733)",0.4007029876977153,0.014393560439549424,0.9514563106796117,0.9181286549707602,0.038003882933496755,0.09989,0.00402000000000001,0.041931782622301135,0.017810000000000006,-0.001119999999999996,0.059165346011621545,0.0003294323018758049
0.0998803903903904,0.0035201091953113023,"(0.09833751273041365, 0.10142326805036715)",0.4147627416520211,0.01431262950688493,0.99,0.9181286549707602,0.036530706964054256,0.09916,0.0032900000000000013,0.03431730468342549,0.01772,-0.0012100000000000027,0.06391970417327007,0.00024850136921131076
0.10035643504531722,0.003996153850238118,"(0.09883337311923245, 0.10187949697140199)",0.4182776801405975,0.014086002163479742,0.96,0.935672514619883,0.04147096501459974,0.09984,0.003970000000000001,0.04141024303744656,0.018854999999999997,-7.500000000000562e-05,0.0039619651347071105,2.1874025806122716e-05
0.10042547904191618,0.004065197846837079,"(0.09890823679380782, 0.10194272129002453)",0.4130052724077329,0.014096092921647317,0.9306930693069307,0.9415204678362573,0.042187484266543215,0.09998,0.0041100000000000025,0.042870553875039144,0.017939999999999998,-0.0009900000000000048,0.0522979397781302,3.196478397369737e-05
0.10061431952662722,0.004254038331548124,"(0.09907793031023436, 0.10215070874302008)",0.40597539543058,0.014359819983238377,0.9215686274509803,0.9181286549707602,0.0441472179075103,0.10003,0.004159999999999997,0.043392093459893574,0.018557500000000005,-0.00037249999999999783,0.01967776016904373,0.0002956918455647578
0.09926556886227547,0.002905287667196374,"(0.09768850918649369, 0.10084262853805726)",0.4130052724077329,0.014651832797642707,0.9504950495049505,0.9122807017543859,0.03015026140609416,0.09881000000000001,0.002940000000000012,0.030666527589444166,0.019525,0.0005949999999999983,0.03143159006867397,0.0005877046599690877
0.09912777777777779,0.002767496582698689,"(0.09764950452887342, 0.10060605102668216)",0.4147627416520211,0.013713321457921852,0.94,0.935672514619883,0.02872030413751033,0.09933,0.0034600000000000047,0.03609053927193079,0.019489999999999993,0.0005599999999999911,0.029582673005810405,-0.0003508066797517674
0.1000655623100304,0.003705281114951303,"(0.09857737374812824, 0.10155375087193257)",0.421792618629174,0.01372152420791259,0.9292929292929293,0.9239766081871345,0.038452369264573336,0.09929,0.0034200000000000064,0.035673307604047216,0.017210000000000003,-0.0017199999999999993,0.09086106708927623,-0.00034260392976102894
0.09985683615819209,0.003496554963112991,"(0.09840741007455486, 0.10130626224182931)",0.37785588752196836,0.013866218457977452,0.9532710280373832,0.9239766081871345,0.03628626774172959,0.099795,0.003924999999999998,0.04094085741107748,0.01713250000000001,-0.0017974999999999935,0.09495509772847296,-0.000197909679696167
0.09992628482972137,0.0035660036346422674,"(0.09837572261704279, 0.10147684704239994)",0.43233743409490333,0.014164685369625526,0.9072164948453608,0.9122807017543859,0.03700698659671798,0.09968,0.003810000000000008,0.03974131636591226,0.017265000000000003,-0.0016649999999999998,0.08795562599049127,0.00010055723195190672
0.09971297805642634,0.0033526968613472458,"(0.09816331164129642, 0.10126264447155627)",0.43936731107205623,0.014067905047449149,0.9895833333333334,0.935672514619883,0.034793348667795924,0.09965,0.0037800000000000056,0.03942839261499954,0.019455,0.0005249999999999977,0.027733755942947576,3.776909775529691e-06
0.10015237142857143,0.0037920902334923345,"(0.09867858023994568, 0.10162616261719719)",0.38488576449912126,0.014018875806833923,0.9238095238095239,0.9298245614035088,0.03935324997459626,0.099405,0.0035349999999999965,0.03687284864921244,0.018157499999999993,-0.0007725000000000093,0.040808240887480675,-4.525233083969675e-05
0.10024484567901233,0.003884564483933234,"(0.09877183732310892, 0.10171785403491575)",0.4305799648506151,0.013477187271693492,0.8775510204081632,0.9239766081871345,0.040312921836218235,0.09969,0.003820000000000004,0.039845624282883116,0.017682500000000004,-0.0012474999999999986,0.06590068674062327,-0.0005869408659801272
0.10028112426035504,0.003920843065275945,"(0.0987645384644092, 0.10179771005630088)",0.40597539543058,0.014174727853172931,0.9313725490196079,0.935672514619883,0.04068941078885284,0.09968,0.003810000000000008,0.03974131636591226,0.017767500000000006,-0.0011624999999999969,0.061410459587955456,0.000110599715499312
0.10040163522012578,0.004041354025046684,"(0.09886803611400355, 0.10193523432624801)",0.44112478031634444,0.01390003964201114,0.90625,0.9122807017543859,0.04194003976456917,0.099795,0.003924999999999998,0.04094085741107748,0.0174575,-0.0014725000000000016,0.07778658214474386,-0.00016408849566247954
0.09951571839080461,0.003155437195725516,"(0.0980400349903434, 0.10099140179126583)",0.3884007029876977,0.013996431216646338,0.9333333333333333,0.9181286549707602,0.03274624312622551,0.098635,0.0027650000000000036,0.028841139042453362,0.018460000000000018,-0.0004699999999999843,0.024828314844161873,-6.769692102728125e-05
0.1002121974522293,0.003851916257150201,"(0.09862499887786162, 0.10179939602659697)",0.44815465729349735,0.014294384203470088,0.9578947368421052,0.9239766081871345,0.039974107686050524,0.10005,0.004180000000000003,0.04360070929383544,0.01876,-0.00017000000000000348,0.008980454305335629,0.00023025606579646883
0.09956942028985508,0.0032091390947759785,"(0.09805192132857576, 0.10108691925113439)",0.3936731107205624,0.014330429090532257,0.9038461538461539,0.9239766081871345,0.033303546388362575,0.0988,0.002930000000000002,0.030562219672473162,0.01837000000000001,-0.0005599999999999911,0.029582673005810405,0.00026630095285863804
0.09966689969604861,0.003306618500969513,"(0.09808316804863762, 0.1012506313434596)",0.421792618629174,0.014602458784531215,0.9090909090909091,0.9181286549707602,0.034315160354039885,0.09933,0.0034600000000000047,0.03609053927193079,0.01904,0.00010999999999999899,0.00581088219756994,0.0005383306468575953
0.09999807365439094,0.0036377924593118394,"(0.09851027011917943, 0.10148587718960245)",0.37961335676625657,0.014213107116049147,0.9339622641509434,0.9473684210526315,0.03775199090533178,0.09984,0.003970000000000001,0.04141024303744656,0.018809999999999993,-0.00012000000000000899,0.006339144215531377,0.00014897897837552743
0.10041770642201835,0.0040574252269392486,"(0.09887473308456257, 0.10196067975947412)",0.4253075571177504,0.014183025236037018,0.9292929292929293,0.9239766081871345,0.042106822194977696,0.09989,0.00402000000000001,0.041931782622301135,0.018564999999999998,-0.0003650000000000042,0.019281563655573385,0.00011889709836339878
0.10039965014577258,0.004039368950693484,"(0.09889882454969723, 0.10190047574184793)",0.39718804920913886,0.014131542397081748,0.9029126213592233,0.9181286549707602,0.04191943921911018,0.09984,0.003970000000000001,0.04141024303744656,0.018705,-0.00022500000000000298,0.011885895404120599,6.741425940812867e-05
0.1002958640226629,0.0039355828275838,"(0.09885587853220368, 0.10173584951312212)",0.37961335676625657,0.013756297479521661,0.9245283018867925,0.9181286549707602,0.04084237591229426,0.09984,0.003970000000000001,0.04141024303744656,0.017329999999999998,-0.0016000000000000042,0.08452192287374559,-0.00030783065815195854
0.10035568452380952,0.003995403328730426,"(0.09885756468367944, 0.1018538043639396)",0.4094903339191564,0.013960348009449971,0.9207920792079208,0.9181286549707602,0.041463176312674176,0.099485,0.003615000000000007,0.03770731198497974,0.017969999999999986,-0.0009600000000000164,0.05071315372424809,-0.00010378012822364821
0.0998911607142857,0.003530879519206609,"(0.09838386056806937, 0.10139846086050204)",0.4094903339191564,0.01404589541651602,0.9405940594059405,0.9239766081871345,0.03664247836780828,0.098775,0.002905000000000005,0.030301449880045947,0.018957500000000002,2.7499999999999747e-05,0.001452720549392485,-1.8232721157598886e-05
0.10004968944099377,0.0036894082459146688,"(0.09848911589071403, 0.1016102629912735)",0.43409490333919154,0.014233888149970458,0.9381443298969072,0.9181286549707602,0.038287645076974706,0.099925,0.004055000000000003,0.04229686033169921,0.0178325,-0.0010975000000000013,0.05797675647120978,0.0001697600122968386
0.09950038575667655,0.0031401045615974538,"(0.0979933114009724, 0.10100746011238071)",0.4077328646748682,0.014064826109188171,0.9411764705882353,0.935672514619883,0.03258712534514492,0.1001,0.004229999999999998,0.04412224887868987,0.01855000000000001,-0.00037999999999999146,0.020073956682514073,6.979715145519899e-07
0.09938875338753389,0.0030284721924547925,"(0.09798133754409911, 0.10079616923096867)",0.351493848857645,0.01374854842402722,0.9369369369369369,0.9181286549707602,0.03142863589536152,0.09906,0.0031899999999999984,0.03327422551371648,0.018460000000000004,-0.0004699999999999982,0.024828314844162605,-0.0003155797136463988
0.10103727272727273,0.004676991532193628,"(0.0995488796350321, 0.10252566581951335)",0.4200351493848858,0.013744405166846593,0.9494949494949495,0.9415204678362573,0.048536507720698424,0.1007,0.004830000000000001,0.05038072389694379,0.01841000000000001,-0.0005199999999999927,0.027469624933966857,-0.0003197229708270261
0.10018526627218935,0.0038249850771102517,"(0.0986951637220956, 0.1016753688222831)",0.40597539543058,0.013927202916815665,0.9019607843137255,0.9298245614035088,0.039694623445179246,0.09986500000000001,0.003995000000000012,0.04167101282987392,0.017645000000000008,-0.0012849999999999945,0.06788166930797646,-0.00013692522085795474
0.1001604970760234,0.0038002158809442993,"(0.0986708097472621, 0.1016501844047847)",0.3989455184534271,0.014006058368191528,0.9611650485436893,0.9181286549707602,0.03943757566720724,0.099485,0.003615000000000007,0.03770731198497974,0.017462500000000006,-0.0014674999999999966,0.07752245113576314,-5.806976948209176e-05
0.09955715909090909,0.0031968778958299943,"(0.098071999671665, 0.10104231851015319)",0.38137082601054484,0.0141675980547616,0.9528301886792453,0.9415204678362573,0.03317630310104628,0.09876499999999999,0.002894999999999995,0.030197141963074943,0.018932500000000005,2.5000000000025002e-06,0.0001320655044903592,0.00010346991708798034
0.0988251461988304,0.0024648650037513015,"(0.09730719685178901, 0.10034309554587179)",0.3989455184534271,0.014271778207510431,0.9514563106796117,0.9122807017543859,0.025579678402569632,0.098445,0.002575000000000008,0.02685928862000634,0.01890249999999999,-2.7500000000013625e-05,0.0014527205493932182,0.00020765006983681188
0.09904002710027102,0.0026797459051919187,"(0.09760362840823276, 0.10047642579230927)",0.351493848857645,0.014031671638356382,0.9099099099099099,0.9298245614035088,0.027809652192347142,0.09867,0.002799999999999997,0.029206216751851435,0.01859000000000001,-0.0003399999999999931,0.017960908610670526,-3.2456499317237014e-05
0.09979418879056047,0.0034339075954813725,"(0.098282381474635, 0.10130599610648594)",0.40421792618629176,0.014151103836753236,0.9803921568627451,0.9298245614035088,0.035636130913000434,0.09934,0.003470000000000001,0.03619484718890165,0.019534999999999997,0.0006049999999999944,0.031959852086634676,8.697569907961666e-05
0.09993261261261262,0.0035723314175335197,"(0.0983880204511655, 0.10147720477405973)",0.4147627416520211,0.014328534218561612,0.95,0.9239766081871345,0.03707265455464394,0.09883,0.0029600000000000043,0.03087514342338588,0.019640000000000005,0.0007100000000000023,0.03750660327522463,0.0002644060808879925
0.10058730434782608,0.004227023152746978,"(0.09913661415497213, 0.10203799454068002)",0.3936731107205624,0.013699523671171448,0.9423076923076923,0.9298245614035088,0.043866861951030116,0.09989,0.00402000000000001,0.041931782622301135,0.018019999999999994,-0.000910000000000008,0.0480718436344431,-0.00036460446650217124
0.10002659574468084,0.003666314549601743,"(0.09848794591616301, 0.10156524557319867)",0.421792618629174,0.014186791519565513,0.9292929292929293,0.935672514619883,0.03804798516703554,0.09916,0.0032900000000000013,0.03431730468342549,0.018339999999999995,-0.0005900000000000072,0.031167459059693984,0.0001226633818918934
0.10011914454277286,0.003758863347693764,"(0.09857089930083944, 0.10166738978470628)",0.40421792618629176,0.014492176980865436,0.9803921568627451,0.9473684210526315,0.03900843066329408,0.09968,0.003810000000000008,0.03974131636591226,0.020239999999999994,0.0013099999999999917,0.06920232435287858,0.00042804884319181703
0.10060999999999999,0.004249718804920893,"(0.09916481358109966, 0.10205518641890032)",0.39191564147627417,0.013667453650016976,0.9519230769230769,0.9122807017543859,0.044102391070418724,0.1001,0.004229999999999998,0.04412224887868987,0.018257499999999996,-0.0006725000000000064,0.035525620707871436,-0.00039667448765664387
0.09951724550898203,0.0031569643139029296,"(0.09800859975767783, 0.10102589126028623)",0.4130052724077329,0.014016226296589322,0.9504950495049505,0.9239766081871345,0.03276209113080244,0.098885,0.003015000000000004,0.03144883696672582,0.018487500000000004,-0.00044249999999999845,0.02337559429477012,-4.7901841084297195e-05
0.10012331343283581,0.0037630322377567166,"(0.0985809653346366, 0.10166566153103503)",0.4112478031634446,0.014350933164810812,0.9603960396039604,0.9181286549707602,0.03905169423632697,0.0997,0.00383,0.039949932199853974,0.019174999999999998,0.0002449999999999952,0.012942419440042006,0.0002868050271371929
0.09937288235294116,0.0030126011578620604,"(0.09780316141802464, 0.10094260328785767)",0.4024604569420035,0.014715009211424676,0.9607843137254902,0.9181286549707602,0.031263930745107735,0.09856999999999999,0.002699999999999994,0.028163137582142422,0.02095749999999999,0.0020274999999999876,0.10710512414157355,0.0006508810737510563
0.10001143695014661,0.0036511557550675117,"(0.09851167284617954, 0.10151120105411368)",0.4007029876977153,0.014080022538824543,0.970873786407767,0.9122807017543859,0.03789067144455332,0.09968,0.003810000000000008,0.03974131636591226,0.018009999999999998,-0.0009200000000000041,0.0486001056524038,1.5894401150923915e-05
0.09944311977715878,0.0030828385820796805,"(0.09794932981425565, 0.1009369097400619)",0.36906854130052724,0.014391894338204331,0.9537037037037037,0.9298245614035088,0.03199283505450287,0.09882,0.002950000000000008,0.030770835506415024,0.019354999999999997,0.0004249999999999948,0.02245113576333834,0.000327766200530712
0.10013172316384181,0.0037714419687627093,"(0.09869387481146036, 0.10156957151622326)",0.37785588752196836,0.013755457824749797,0.9439252336448598,0.9298245614035088,0.039138968068467075,0.09942000000000001,0.0035500000000000115,0.03702931052466894,0.017922499999999994,-0.0010075000000000084,0.05322239830956198,-0.00030867031292382274
0.10037065015479875,0.004010368959719651,"(0.09881644306956998, 0.10192485724002752)",0.43233743409490333,0.014197981984533183,0.9278350515463918,0.9239766081871345,0.04161848543800692,0.09984,0.003970000000000001,0.04141024303744656,0.018409999999999996,-0.0005200000000000066,0.027469624933967592,0.00013385384685956313
0.10015043227665707,0.003790151081577972,"(0.09866105596609438, 0.10163980858721976)",0.39015817223198596,0.014105850816921475,0.9333333333333333,0.9415204678362573,0.03933312599934097,0.09968,0.003810000000000008,0.03974131636591226,0.018125000000000002,-0.0008050000000000002,0.042525092445853147,4.1722679247855124e-05
0.09982683908045976,0.0034665578853806667,"(0.09831515538249054, 0.10133852277842899)",0.3884007029876977,0.014337883649933998,0.9333333333333333,0.9298245614035088,0.03597496647361066,0.099485,0.003615000000000007,0.03770731198497974,0.018364999999999992,-0.0005650000000000099,0.029846804014791856,0.00027375551226037874
0.09946790697674418,0.0031076257816650826,"(0.09795327077584283, 0.10098254317764553)",0.3954305799648506,0.014282503138386736,0.9423076923076923,0.935672514619883,0.03225006966691772,0.098825,0.0029549999999999993,0.03082298946490038,0.019942500000000002,0.0010124999999999995,0.05348652931854196,0.00021837500071311688
0.09945432601880878,0.003094044823729686,"(0.09786540596812636, 0.10104324606949121)",0.43936731107205623,0.014424250395278936,0.9375,0.9239766081871345,0.032109130290579636,0.09929,0.0034200000000000064,0.035673307604047216,0.019930000000000003,0.0010000000000000009,0.052826201796090905,0.00036012225760531646
0.09985074927953891,0.0034904680844598107,"(0.0983779821657675, 0.10132351639331032)",0.39015817223198596,0.01394854547342628,0.9238095238095239,0.9239766081871345,0.03622309982048974,0.0995,0.0036300000000000082,0.037863773860436094,0.018815,-0.00011500000000000399,0.006075013206550659,-0.00011558266424733891
0.10014068249258161,0.0037804012975025114,"(0.09864127877016197, 0.10164008621500124)",0.4077328646748682,0.013993239645729561,0.9509803921568627,0.9239766081871345,0.03923194547190226,0.09947,0.003600000000000006,0.03755085010952337,0.018170000000000006,-0.0007599999999999968,0.04014791336502888,-7.088849194405826e-05
0.09997079510703363,0.0036105139119545354,"(0.09843188693916466, 0.10150970327490261)",0.4253075571177504,0.014145658159472064,0.9191919191919192,0.935672514619883,0.037468901783766446,0.09916,0.0032900000000000013,0.03431730468342549,0.016949999999999993,-0.0019800000000000095,0.1045958795562604,8.153002179844479e-05
0.09895930835734872,0.002599027162269618,"(0.09749004792260371, 0.10042856879209372)",0.39015817223198596,0.013915333792228974,0.9809523809523809,0.9298245614035088,0.02697197569409277,0.09872,0.0028500000000000053,0.02972775633670601,0.017685000000000006,-0.0012449999999999961,0.0657686212361329,-0.00014879434544464581
0.09970899713467049,0.003348715939591393,"(0.09817520184787923, 0.10124279242146175)",0.3866432337434095,0.014568638943224509,0.9333333333333333,0.9181286549707602,0.03475203577718912,0.0995,0.0036300000000000082,0.037863773860436094,0.018820000000000003,-0.00010999999999999899,0.00581088219756994,0.0005045108055508896
0.10011746913580245,0.0037571879407233555,"(0.09856535087868241, 0.10166958739292249)",0.4305799648506151,0.014200997798272372,0.9081632653061225,0.9298245614035088,0.03899104375917104,0.099485,0.003615000000000007,0.03770731198497974,0.017737500000000003,-0.0011924999999999991,0.0629952456418383,0.00013686966059875232
0.10026113095238094,0.003900849757301844,"(0.09875594571557668, 0.1017663161891852)",0.4094903339191564,0.014026187466183804,0.9405940594059405,0.9298245614035088,0.040481925840426584,0.09993,0.004060000000000008,0.04234901429018471,0.018547499999999995,-0.00038250000000000783,0.020206022187005165,-3.7940671489815336e-05
0.10015606936416185,0.003795788169082756,"(0.09865916121928742, 0.10165297750903629)",0.39191564147627417,0.014156597668535963,0.9615384615384616,0.9239766081871345,0.03939162611406533,0.09983,0.003960000000000005,0.0413059351204757,0.01891000000000001,-1.9999999999992246e-05,0.0010565240359214074,9.24695308623432e-05
0.09991165266106443,0.0035513714659853313,"(0.09846944745253775, 0.10135385786959111)",0.37258347978910367,0.013855879326984651,0.9259259259259259,0.9239766081871345,0.03685513805004018,0.09934,0.003470000000000001,0.03619484718890165,0.0175,-0.0014300000000000007,0.07554146856840996,-0.0002082488106889685
0.0994350857142857,0.0030748045192066087,"(0.09797626462066494, 0.10089390680790647)",0.38488576449912126,0.013876478495524652,0.9333333333333333,0.9239766081871345,0.03190945980099145,0.099175,0.0033050000000000024,0.034473766558881846,0.018432500000000004,-0.0004974999999999979,0.026281035393555092,-0.00018764964214896748
0.10000849557522125,0.0036482143801421507,"(0.09857494552780581, 0.10144204562263669)",0.40421792618629176,0.013418585399383294,0.9509803921568627,0.935672514619883,0.037860146679692924,0.1002,0.0043300000000000005,0.04516532804839888,0.01758,-0.001350000000000004,0.07131537242472287,-0.0006455427382903254
0.0998589855072464,0.0034987043121672973,"(0.09840038468548011, 0.10131758632901268)",0.3936731107205624,0.013774227318147418,0.9615384615384616,0.9181286549707602,0.036308573084010136,0.09965,0.0037800000000000056,0.03942839261499954,0.018210000000000004,-0.0007199999999999984,0.03803486529318533,-0.0002899008195262013
0.1001238670694864,0.0037635858744072964,"(0.09859200618547141, 0.10165572795350138)",0.4182776801405975,0.014167379117573717,0.95,0.9239766081871345,0.039057439722368664,0.09934,0.003470000000000001,0.03619484718890165,0.01816000000000001,-0.0007699999999999929,0.040676175382989586,0.00010325097990009774
0.0995572023809524,0.003196921185873308,"(0.09803158082167948, 0.10108282394022533)",0.4094903339191564,0.01421662495059166,0.9801980198019802,0.9239766081871345,0.03317675235298678,0.09890499999999999,0.003034999999999996,0.03165745280066753,0.01952000000000001,0.0005900000000000072,0.031167459059693984,0.0001524968129180404
0.09977656160458451,0.0034162804095054095,"(0.09831321337355965, 0.10123990983560936)",0.3866432337434095,0.013899502892988646,0.9238095238095239,0.935672514619883,0.03545320091573032,0.09968,0.003810000000000008,0.03974131636591226,0.01873000000000001,-0.00019999999999999185,0.01056524035921774,-0.0001646252446849735
0.1001272804532578,0.0037669992581787076,"(0.09871657074711772, 0.10153799015939789)",0.37961335676625657,0.013476623551757378,0.9245283018867925,0.9239766081871345,0.039092862862785835,0.0995,0.0036300000000000082,0.037863773860436094,0.01761,-0.0013200000000000017,0.06973058637084002,-0.0005875045859162417
0.10027047197640118,0.003910190781322084,"(0.09882564743838561, 0.10171529651441676)",0.40421792618629176,0.013524119011708356,0.9215686274509803,0.9122807017543859,0.04057886437053869,0.09968,0.003810000000000008,0.03974131636591226,0.018064999999999998,-0.0008650000000000047,0.045694664553618834,-0.0005400091259652635
0.09949369822485207,0.003133417029772975,"(0.09798059834691092, 0.10100679810279323)",0.40597539543058,0.014142146815445351,0.9411764705882353,0.9122807017543859,0.032517724013584465,0.098525,0.0026550000000000046,0.02769375195577349,0.018967499999999998,3.749999999999587e-05,0.001980982567353189,7.801867777173198e-05
0.10002484662576687,0.0036645654306877717,"(0.09846965591280114, 0.1015800373387326)",0.4270650263620387,0.014273288785197149,0.9081632653061225,0.935672514619883,0.03802983330101482,0.09968,0.003810000000000008,0.03974131636591226,0.018379999999999994,-0.0005500000000000088,0.029054410987850436,0.0002091606475235295
0.10019729483282676,0.0038370136377476605,"(0.09866432434539035, 0.10173026532026316)",0.421792618629174,0.014134426370330576,0.9292929292929293,0.935672514619883,0.039819452477309794,0.1001,0.004229999999999998,0.04412224887868987,0.01847,-0.0004600000000000021,0.0243000528262019,7.029823265695609e-05
0.10015368115942028,0.003793399964341179,"(0.09866133245693362, 0.10164602986190693)",0.3936731107205624,0.014092923820721156,0.9326923076923077,0.9239766081871345,0.03936684199438492,0.1006,0.004729999999999998,0.04933764472723478,0.017949999999999994,-0.0009800000000000086,0.0517696777601695,2.8795683047536796e-05
0.09936107462686568,0.0030007934317865803,"(0.09783056121883998, 0.10089158803489137)",0.4112478031634446,0.0142408160985632,0.9603960396039604,0.9298245614035088,0.031141393472187417,0.09929,0.0034200000000000064,0.035673307604047216,0.01855000000000001,-0.00037999999999999146,0.020073956682514073,0.00017668796088957973
0.09974106741573034,0.003380786220651244,"(0.09826409247160699, 0.1012180423598537)",0.37434094903339193,0.014169903037665809,0.9532710280373832,0.9298245614035088,0.0350848521685706,0.09956000000000001,0.0036900000000000127,0.03848962136226153,0.01731500000000001,-0.0016149999999999914,0.08531431590068628,0.0001057748999921896
0.09959187692307694,0.0032315957279978463,"(0.09804108435424055, 0.10114266949191333)",0.4288224956063269,0.014210912990005136,0.9489795918367347,0.935672514619883,0.033536595036035205,0.09933,0.0034600000000000047,0.03609053927193079,0.018460000000000004,-0.0004699999999999982,0.024828314844162605,0.00014678485233151663
0.09939830303030303,0.0030380218352239335,"(0.09785246546484254, 0.10094414059576352)",0.4200351493848858,0.014274869947048833,0.9292929292929293,0.9415204678362573,0.03152773941239888,0.09890499999999999,0.003034999999999996,0.03165745280066753,0.018427500000000013,-0.0005024999999999891,0.026545166402535077,0.00021074180937521308
0.10013930930930931,0.0037790281142302123,"(0.09861960999868742, 0.1016590086199312)",0.4147627416520211,0.014097613672834753,0.88,0.935672514619883,0.03921769496064109,0.09947,0.003600000000000006,0.03755085010952337,0.018670000000000006,-0.00025999999999999635,0.013734812466983428,3.348553516113392e-05
0.10023795321637427,0.0038776720212951726,"(0.09871644646007534, 0.1017594599726732)",0.3989455184534271,0.014305225012580594,0.9611650485436893,0.9239766081871345,0.04024139379009198,0.099415,0.0035450000000000065,0.036977156566183444,0.019070000000000004,0.00014000000000000123,0.007395668251452785,0.00024109687490697466
0.09983794029850748,0.003477659103428385,"(0.09833103535208512, 0.10134484524492984)",0.4112478031634446,0.01402114879065188,0.9405940594059405,0.9239766081871345,0.03609017180416843,0.1,0.004130000000000009,0.043079169708981006,0.017210000000000003,-0.0017199999999999993,0.09086106708927623,-4.297934702173975e-05
0.09985852852852851,0.003498247333449417,"(0.09835424596717013, 0.1013628110898869)",0.4147627416520211,0.013954598950324389,0.89,0.9298245614035088,0.03630383068691236,0.09933,0.0034600000000000047,0.03609053927193079,0.018210000000000004,-0.0007199999999999984,0.03803486529318533,-0.00010952918734923045
0.09997940119760478,0.0036191200025256776,"(0.09846449091416598, 0.10149431148104357)",0.4130052724077329,0.014074427567473947,0.9405940594059405,0.9415204678362573,0.03755821338045761,0.099405,0.0035349999999999965,0.03687284864921244,0.01848000000000001,-0.0004499999999999921,0.023771790808240465,1.0299429800327345e-05
0.09938636363636362,0.003026082441284522,"(0.09790202502017313, 0.10087070225255411)",0.38137082601054484,0.014159768048369692,0.9528301886792453,0.935672514619883,0.03140383572727741,0.099335,0.0034650000000000097,0.036142693230416294,0.019292500000000004,0.0003625000000000017,0.019149498151083025,9.563991069607217e-05
0.10082732307692309,0.004467041881843992,"(0.09933404538217198, 0.1023206007716742)",0.4288224956063269,0.013683867086070726,0.9387755102040817,0.9181286549707602,0.046357709073104214,0.1007,0.004830000000000001,0.05038072389694379,0.018320000000000003,-0.0006099999999999994,0.03222398309561539,-0.0003802610516028936
0.1000526099706745,0.003692328775595402,"(0.09857553141618461, 0.10152968852516439)",0.4007029876977153,0.013867047013474076,0.941747572815534,0.9181286549707602,0.038317953515726776,0.09905,0.0031800000000000023,0.03316991759674562,0.01793,-0.0010000000000000009,0.052826201796090905,-0.000197081124199543
0.10046218289085546,0.004101901695776358,"(0.09895303582374088, 0.10197132995797004)",0.40421792618629176,0.014126202874336944,0.9117647058823529,0.9239766081871345,0.04256838652714344,0.1001,0.004229999999999998,0.04412224887868987,0.018635,-0.0002950000000000036,0.015583729529846992,6.20747366633246e-05
0.10016215116279072,0.0038018699677116186,"(0.09867907192968473, 0.10164523039589671)",0.3954305799648506,0.013984931687693176,0.9519230769230769,0.9122807017543859,0.03945474131623613,0.09986500000000001,0.003995000000000012,0.04167101282987392,0.01807750000000001,-0.0008524999999999922,0.04503433703116704,-7.919644998044366e-05
0.1001837573964497,0.003823476201370607,"(0.09868281448243969, 0.10168470031045972)",0.40597539543058,0.014028522083032978,0.9313725490196079,0.9298245614035088,0.03967896475551032,0.09986500000000001,0.003995000000000012,0.04167101282987392,0.018482499999999985,-0.00044750000000001733,0.023639725303751573,-3.5606054640641496e-05
0.10072231481481482,0.004362033619735722,"(0.09917677680155187, 0.10226785282807777)",0.4305799648506151,0.01414079231579834,0.9489795918367347,0.9298245614035088,0.04526796275018012,0.1005,0.004630000000000009,0.04829456555752591,0.018007499999999996,-0.0009225000000000066,0.04873217115689416,7.666417812472043e-05
0.09942834302325582,0.0030680618281767186,"(0.09792566513035757, 0.10093102091615407)",0.3954305799648506,0.014169740369688594,0.9615384615384616,0.9181286549707602,0.03183948604265175,0.098795,0.002924999999999997,0.030510065713987664,0.018287499999999998,-0.0006425000000000042,0.033940834653988596,0.00010561223201497466
0.09949218023255814,0.003131899037479041,"(0.09801169752224372, 0.10097266294287256)",0.3954305799648506,0.013960447362746103,0.9326923076923077,0.9239766081871345,0.0325019707148694,0.098695,0.002825000000000008,0.029466986544278796,0.01795250000000001,-0.0009774999999999923,0.0516376122556784,-0.00010368077492751634
0.09940271954674221,0.00304243835166311,"(0.09788944292808412, 0.1009159961654003)",0.37961335676625657,0.014456453535810721,0.9339622641509434,0.9239766081871345,0.0315735727825842,0.09898,0.0031100000000000017,0.032439762177949326,0.019849999999999993,0.0009199999999999903,0.048600105652403074,0.00039232539813710207
0.09974191304347826,0.0033816318483991664,"(0.0982338004702432, 0.10125002561671333)",0.3936731107205624,0.0142417891825544,0.9519230769230769,0.935672514619883,0.035093627856410396,0.09934,0.003470000000000001,0.03619484718890165,0.018570000000000003,-0.0003599999999999992,0.019017432646592666,0.00017766104488078048
0.09992321229050279,0.003562931095423688,"(0.09846965356034915, 0.10137677102065643)",0.37082601054481545,0.01398463614813424,0.9166666666666666,0.9239766081871345,0.036975100645572204,0.099335,0.0034650000000000097,0.036142693230416294,0.018347500000000003,-0.0005824999999999997,0.030771262546222904,-7.949198953938023e-05
0.09980831395348838,0.0034480327584092835,"(0.09833698596073934, 0.10127964194623743)",0.3954305799648506,0.013874121496322996,0.9711538461538461,0.9239766081871345,0.035782717896275365,0.099795,0.003924999999999998,0.04094085741107748,0.018277500000000002,-0.0006525000000000003,0.0344690966719493,-0.00019000664135062316
0.09977165165165165,0.0034113704565725544,"(0.09817592193999015, 0.10136738136331315)",0.4147627416520211,0.014802915842649143,0.94,0.9298245614035088,0.03540224679986473,0.09968,0.003810000000000008,0.03974131636591226,0.02045000000000001,0.0015200000000000075,0.08029582673005849,0.0007387877049755236
0.10002889908256882,0.0036686178874897196,"(0.09844056835188386, 0.10161722981325377)",0.4253075571177504,0.014599950815497215,0.8888888888888888,0.9298245614035088,0.0380718885622873,0.09968,0.003810000000000008,0.03974131636591226,0.020004999999999995,0.0010749999999999926,0.05678816693079728,0.0005358226778235959
0.100122,0.003761718804920905,"(0.09860365116717171, 0.1016403488328283)",0.3936731107205624,0.014338454811985453,0.9807692307692307,0.9181286549707602,0.03903806379835479,0.1001,0.004229999999999998,0.04412224887868987,0.019159999999999996,0.0002299999999999941,0.012150026413100585,0.0002743266743118339
0.09986159638554216,0.003501315190463067,"(0.09837259172840901, 0.10135060104267532)",0.4165202108963093,0.013791964149002073,0.88,0.9239766081871345,0.03633566804744724,0.09976,0.0038900000000000046,0.04057577970167941,0.018302500000000013,-0.0006274999999999892,0.033148441627046436,-0.0002721639886715463
0.10019819875776398,0.003837917562684881,"(0.09870256988874426, 0.1016938276267837)",0.43409490333919154,0.013641532007047928,0.9690721649484536,0.9298245614035088,0.0398288331570464,0.09968,0.003810000000000008,0.03974131636591226,0.017337499999999992,-0.0015925000000000106,0.08412572636027524,-0.0004225961306256916
0.10033603603603604,0.003975754840956941,"(0.09880534635171742, 0.10186672572035466)",0.4147627416520211,0.014199566764090166,0.98,0.9239766081871345,0.04125926981167811,0.1001,0.004229999999999998,0.04412224887868987,0.0184,-0.0005300000000000027,0.027997886951928296,0.00013543862641654698
0.09969358823529412,0.0033333070402150194,"(0.09819309672181081, 0.10119407974877742)",0.4024604569420035,0.014066032981681405,0.9705882352941176,0.9298245614035088,0.03459212653672957,0.099315,0.0034450000000000036,0.03593407739647443,0.0184275,-0.0005025000000000029,0.02654516640253581,1.9048440077860246e-06
0.0995909375,0.0032306563049209064,"(0.09811949616225642, 0.10106237883774359)",0.38137082601054484,0.014036735157308643,0.9245283018867925,0.9298245614035088,0.033526845966550464,0.099665,0.0037950000000000067,0.039584854490455894,0.018055,-0.0008750000000000008,0.04622292657157954,-2.7392980364976047e-05
0.09983735119047618,0.0034770699953970835,"(0.09830735865008675, 0.10136734373086562)",0.4094903339191564,0.014257356283222524,0.9306930693069307,0.9298245614035088,0.036084058206075985,0.09986500000000001,0.003995000000000012,0.04167101282987392,0.019284999999999997,0.0003549999999999942,0.018753301637611946,0.00019322814554890468
0.09940666666666667,0.0030463854715875732,"(0.09797275043244807, 0.10084058290088527)",0.36203866432337434,0.013892313394639507,0.9724770642201835,0.9239766081871345,0.03161453488725545,0.09929,0.0034200000000000064,0.035673307604047216,0.018394999999999995,-0.0005350000000000077,0.028262017960909012,-0.0001718147430341127
0.10087675675675675,0.004516475561677655,"(0.09936403734880558, 0.10238947616470792)",0.4147627416520211,0.014032864040694986,0.93,0.935672514619883,0.04687071795207983,0.1001,0.004229999999999998,0.04412224887868987,0.018500000000000003,-0.0004299999999999998,0.022715266772319057,-3.1264096978633055e-05
0.09940306748466257,0.003042786289583474,"(0.0978672467378627, 0.10093888823146244)",0.4270650263620387,0.014095514369146534,0.9591836734693877,0.9239766081871345,0.031577183584836424,0.098925,0.003055000000000002,0.03186606863460939,0.019062499999999996,0.00013249999999999373,0.006999471737981707,3.1386231472915055e-05
0.10024940845070424,0.0038891272556251383,"(0.09879692011490951, 0.10170189678649896)",0.37609841827768015,0.013915261911148514,0.9065420560747663,0.9181286549707602,0.04036027300243855,0.0995,0.0036300000000000082,0.037863773860436094,0.01808499999999999,-0.0008450000000000124,0.044638140517697426,-0.0001488662265251052
0.10010078787878787,0.0037405066837087747,"(0.09855787922231864, 0.10164369653525711)",0.4200351493848858,0.014247823253482148,0.9393939393939394,0.9239766081871345,0.03881793034763159,0.1005,0.004630000000000009,0.04829456555752591,0.01852000000000001,-0.0004099999999999937,0.021658742736396917,0.00018369511580852878
0.09994717514124293,0.0035868939461638355,"(0.09849966320462264, 0.10139468707786323)",0.37785588752196836,0.013847906395708683,0.9626168224299065,0.9239766081871345,0.03722378039663722,0.098825,0.0029549999999999993,0.03082298946490038,0.018424999999999997,-0.0005050000000000054,0.02667723190702617,-0.0002162217419649365
0.10085276785714285,0.004492486662063755,"(0.09939521327298119, 0.10231032244130452)",0.4094903339191564,0.013582337469009824,0.9603960396039604,0.9298245614035088,0.04662176787310139,0.1003,0.004430000000000003,0.04620840721810789,0.017997499999999986,-0.0009325000000000166,0.0492604331748556,-0.0004817906686637955
0.10053722054380664,0.0041769393487275375,"(0.09897441348715964, 0.10210002760045363)",0.4182776801405975,0.014453584062481286,0.96,0.9181286549707602,0.043347106265406415,0.1001,0.004229999999999998,0.04412224887868987,0.01921500000000001,0.00028500000000000747,0.015055467511886288,0.00038945592480766657
0.09933416167664672,0.0029738804815676173,"(0.09781018152958659, 0.10085814182370684)",0.4130052724077329,0.01415869205493625,0.9207920792079208,0.9122807017543859,0.030862098415290706,0.098325,0.002454999999999999,0.02560759361635547,0.01848749999999999,-0.00044250000000001233,0.023375594294770853,9.456391726263107e-05
0.10006115727002968,0.0037008760749505792,"(0.09857533232024848, 0.10154698221981087)",0.4077328646748682,0.013866515257372005,0.9509803921568627,0.935672514619883,0.03840665499365079,0.1001,0.004229999999999998,0.04412224887868987,0.017799999999999996,-0.001130000000000006,0.059693608029582984,-0.00019761288030161438
0.10029005917159764,0.003929777976518542,"(0.09888060218172044, 0.10169951616147484)",0.40597539543058,0.013173451383804985,0.8921568627450981,0.9473684210526315,0.040782134794343325,0.09969,0.003820000000000004,0.039845624282883116,0.016465000000000007,-0.002464999999999995,0.1302165874273637,-0.0008906767538686342
0.09967444444444444,0.003314163249365343,"(0.09808104433577465, 0.10126784455311423)",0.4305799648506151,0.014578703221346509,0.9183673469387755,0.9181286549707602,0.034393457639002714,0.09892999999999999,0.0030599999999999933,0.03191822259309475,0.018827499999999997,-0.00010250000000000536,0.005414685684099596,0.0005145750836728896
0.10022409221902018,0.00386381102394108,"(0.0987537112398742, 0.10169447319816616)",0.39015817223198596,0.013925946444009229,0.9333333333333333,0.9122807017543859,0.04009754824312817,0.09968,0.003810000000000008,0.03974131636591226,0.01771500000000001,-0.0012149999999999939,0.06418383518225007,-0.00013818169366439093
0.10037509375,0.004014812554920907,"(0.09877309500284864, 0.10197709249715137)",0.437609841827768,0.014565930317353305,0.9375,0.9239766081871345,0.04166459982399818,0.1003,0.004430000000000003,0.04620840721810789,0.018582500000000002,-0.0003475000000000006,0.018357105124141602,0.0005018021796796852
0.10087645768025078,0.004516176485171677,"(0.09931566476234109, 0.10243725059816046)",0.43936731107205623,0.014168911678997389,0.9583333333333334,0.9181286549707602,0.04686761421989612,0.1,0.004130000000000009,0.043079169708981006,0.018460000000000004,-0.0004699999999999982,0.024828314844162605,0.00010478354132376945
0.09994924581005586,0.003588964614976764,"(0.09847653871540632, 0.1014219529047054)",0.37082601054481545,0.01416886187273134,0.9537037037037037,0.9239766081871345,0.037245269217417394,0.099665,0.0037950000000000067,0.039584854490455894,0.018475000000000005,-0.0004549999999999971,0.024035921817221185,0.0001047337350577205
0.09975230769230768,0.003392026497228584,"(0.09824115198918974, 0.10126346339542562)",0.40597539543058,0.014123975638389777,0.9607843137254902,0.9298245614035088,0.035201500609587336,0.09873,0.0028600000000000014,0.02983206425367687,0.0182625,-0.0006675000000000014,0.03526148969889072,5.98475007161578e-05
0.09925482142857144,0.0028945402334923376,"(0.09770346949282459, 0.10080617336431828)",0.4094903339191564,0.014456395495222374,0.9504950495049505,0.9298245614035088,0.030038727550331757,0.09873,0.0028600000000000014,0.02983206425367687,0.018670000000000006,-0.00025999999999999635,0.013734812466983428,0.00039226735754875446
0.09960289398280801,0.0032426127877289157,"(0.09809856523840244, 0.10110722272721359)",0.3866432337434095,0.014288753211002526,0.9142857142857143,0.9181286549707602,0.033650926995162284,0.09883,0.0029600000000000043,0.03087514342338588,0.018460000000000004,-0.0004699999999999982,0.024828314844162605,0.0002246250733289063
0.09998287323943662,0.0036225920443575255,"(0.09851124094167174, 0.1014545055372015)",0.37609841827768015,0.01409866665063382,0.9532710280373832,0.9473684210526315,0.03759424525779116,0.09968,0.003810000000000008,0.03974131636591226,0.01771500000000001,-0.0012149999999999939,0.06418383518225007,3.453851296020098e-05
0.09933342857142857,0.002973147376349475,"(0.09782507753390374, 0.10084177960895341)",0.38488576449912126,0.014347613170280103,0.9523809523809523,0.9239766081871345,0.030854490454738384,0.09881000000000001,0.002940000000000012,0.030666527589444166,0.01906250000000001,0.0001325000000000076,0.00699947173798244,0.00028348503260648347
0.09982952247191011,0.0034692412768310144,"(0.09831008856403071, 0.10134895637978951)",0.37434094903339193,0.014577248742409699,0.9252336448598131,0.9181286549707602,0.03600281395824923,0.09977,0.0039000000000000007,0.04068008761865027,0.019142499999999993,0.00021249999999999047,0.011225567881668803,0.0005131206047360795
0.10005137426900586,0.00369109307392676,"(0.098514491214775, 0.10158825732323672)",0.3989455184534271,0.014449793152594505,0.9320388349514563,0.9239766081871345,0.03830512975002875,0.0996,0.003729999999999997,0.03890685303014496,0.02012,0.0011899999999999966,0.06286318013734794,0.000385665014920886
0.09976235294117645,0.003402071746097357,"(0.09826818961360083, 0.10125651626875208)",0.4024604569420035,0.014006710772330734,0.9509803921568627,0.9239766081871345,0.03530574738786766,0.0989,0.003030000000000005,0.031605298842182175,0.01842250000000001,-0.0005074999999999941,0.026809297411515796,-5.7417365342884996e-05
0.0998040243902439,0.0034437431951648,"(0.09824932985903082, 0.10135871892145698)",0.4235500878734622,0.014312764291891497,0.9393939393939394,0.935672514619883,0.035738202010774794,0.09942000000000001,0.0035500000000000115,0.03702931052466894,0.018947500000000006,1.7500000000003624e-05,0.0009244585314317814,0.00024863615421787805
0.10021750724637682,0.0038572260512977213,"(0.09873249840802406, 0.10170251608472958)",0.3936731107205624,0.014023610163717825,0.9519230769230769,0.935672514619883,0.04002921124201432,0.09989,0.00402000000000001,0.041931782622301135,0.01852999999999999,-0.00040000000000001146,0.021130480718436945,-4.051797395579482e-05
0.09993931888544892,0.003579037690369824,"(0.09841480483562264, 0.10146383293527521)",0.43233743409490333,0.013926730369663248,0.9587628865979382,0.9181286549707602,0.03714225037517426,0.09867,0.002799999999999997,0.029206216751851435,0.018890000000000004,-3.999999999999837e-05,0.0021130480718435482,-0.00013739776801037148
0.10056526785714286,0.004204986662063759,"(0.09903485568315058, 0.10209568003113513)",0.4094903339191564,0.014261266672081323,0.9504950495049505,0.9122807017543859,0.04363817342490796,0.10025,0.004380000000000009,0.045686867633253456,0.018592499999999998,-0.00033750000000000446,0.017828843106180898,0.00019713853440770333
0.1002196072507553,0.003859326055676196,"(0.09871562852458564, 0.10172358597692495)",0.4182776801405975,0.013909511640877436,0.95,0.935672514619883,0.04005100449907449,0.09997,0.004100000000000006,0.042766245958068286,0.01793499999999998,-0.0009950000000000236,0.05256207078711165,-0.00015461649679618383
0.09992565217391304,0.0035653709788339427,"(0.09843489138785404, 0.10141641295997204)",0.3936731107205624,0.014077928407644298,0.9134615384615384,0.9239766081871345,0.03700042107199681,0.09934,0.003470000000000001,0.03619484718890165,0.018409999999999996,-0.0005200000000000066,0.027469624933967592,1.3800269970679069e-05
0.10005372832369941,0.0036934471286203113,"(0.09859251047375876, 0.10151494617364006)",0.39191564147627417,0.013819066506200397,0.9519230769230769,0.9415204678362573,0.03832955947007892,0.099405,0.0035349999999999965,0.03687284864921244,0.017780000000000004,-0.0011499999999999982,0.06075013206550439,-0.0002450616314732222
0.10006064935064936,0.0037003681555702606,"(0.09849113433101056, 0.10163016437028816)",0.45869947275922673,0.013998362965030903,0.946236559139785,0.9181286549707602,0.038401383948630796,0.1001,0.004229999999999998,0.04412224887868987,0.02112,0.0021899999999999975,0.11568938193343883,-6.576517264271671e-05
0.09952922636103152,0.003168945165952425,"(0.09804833181857384, 0.10101012090348921)",0.3866432337434095,0.014066165209825588,0.9428571428571428,0.9181286549707602,0.03288642505657462,0.09905,0.0031800000000000023,0.03316991759674562,0.01904,0.00010999999999999899,0.00581088219756994,2.0370721519683e-06
0.09974349854227404,0.0033832173471949473,"(0.09820698965155163, 0.10128000743299646)",0.39718804920913886,0.014467530797393723,0.9514563106796117,0.9298245614035088,0.035110081718687645,0.09989,0.00402000000000001,0.041931782622301135,0.019534999999999997,0.0006049999999999944,0.031959852086634676,0.0004034026597201038
0.09979943952802359,0.003439158332944489,"(0.09826868082912724, 0.10133019822691994)",0.40421792618629176,0.014328496144255604,0.9117647058823529,0.9239766081871345,0.03569062159524,0.09984,0.003970000000000001,0.04141024303744656,0.018225000000000005,-0.0007049999999999973,0.03724247226624391,0.00026436800658198416
0.09971038011695905,0.003350098921879957,"(0.09823952101559894, 0.10118123921831917)",0.3989455184534271,0.013829035145358779,0.9611650485436893,0.9181286549707602,0.03476638797989559,0.09931000000000001,0.0034400000000000125,0.03588192343798907,0.01736,-0.001570000000000002,0.08293713681986274,-0.00023509299231484065
0.10029732352941176,0.0039370423343326605,"(0.09878665542872717, 0.10180799163009635)",0.4024604569420035,0.014161431196151698,0.9411764705882353,0.9181286549707602,0.040857522264409044,0.09969,0.003820000000000004,0.039845624282883116,0.019087499999999993,0.00015749999999999098,0.008320126782883833,9.730305847807826e-05
0.09969223796033994,0.003331956765260838,"(0.09821226893664607, 0.1011722069840338)",0.37961335676625657,0.014138263395916237,0.9339622641509434,0.9181286549707602,0.03457811376157538,0.09905,0.0031800000000000023,0.03316991759674562,0.018740000000000007,-0.00018999999999999573,0.010036978341257037,7.413525824261774e-05
0.09989442477876107,0.0035341435836819673,"(0.09838439043062346, 0.10140445912689867)",0.40421792618629176,0.014134508169434484,0.9509803921568627,0.9415204678362573,0.036676351914407324,0.09989,0.00402000000000001,0.041931782622301135,0.018589999999999995,-0.00034000000000000696,0.017960908610671258,7.038003176086487e-05
0.09911810650887573,0.002757825313796633,"(0.09757437335419705, 0.10066183966355441)",0.40597539543058,0.014428459902489997,0.9509803921568627,0.9298245614035088,0.028619938418542816,0.09833,0.002460000000000004,0.02565974757484097,0.019617499999999996,0.0006874999999999937,0.03631801373481213,0.0003643317648163776
0.10025862068965517,0.003898339494576075,"(0.09883416614844306, 0.10168307523086728)",0.3884007029876977,0.013510540269737725,0.9523809523809523,0.9298245614035088,0.04045587503718446,0.099925,0.004055000000000003,0.04229686033169921,0.017700000000000007,-0.001229999999999995,0.06497622820919148,-0.0005535878679358945
0.09972638483965017,0.0033661036445710724,"(0.09824769169474684, 0.1012050779845535)",0.39718804920913886,0.013923146649496846,0.9029126213592233,0.9298245614035088,0.034932480507777634,0.09933,0.0034600000000000047,0.03609053927193079,0.01797,-0.0009600000000000025,0.05071315372424735,-0.0001409814881767734
0.09998296072507554,0.0036226795299964393,"(0.09843316947416098, 0.1015327519759901)",0.4182776801405975,0.014333207691326294,0.94,0.9298245614035088,0.037595153159240065,0.09996,0.004089999999999996,0.04266193804109728,0.01829,-0.0006400000000000017,0.033808769149498236,0.00026907955365267425
0.10014841463414635,0.003788133439067254,"(0.09861308026239664, 0.10168374900589607)",0.4235500878734622,0.014134531595056506,0.9393939393939394,0.9181286549707602,0.03931218747066821,0.099675,0.003805000000000003,0.03968916240742675,0.017847500000000002,-0.0010825000000000001,0.05718436344426836,7.04034573828869e-05
0.09966578347578349,0.003305502280704392,"(0.09818303748933016, 0.10114852946223682)",0.38312829525483305,0.014124329603260991,0.9339622641509434,0.9298245614035088,0.03430357653287127,0.09934,0.003470000000000001,0.03619484718890165,0.017744999999999997,-0.0011850000000000055,0.06259904912836796,6.0201465587371786e-05
0.0993092156862745,0.002948934491195404,"(0.09782894516360555, 0.10078948620894346)",0.37258347978910367,0.014221589002820554,0.9351851851851852,0.9239766081871345,0.030603215916580363,0.09883,0.0029600000000000043,0.03087514342338588,0.01747,-0.001460000000000003,0.0771262546222928,0.00015746086514693489
0.09965437499999999,0.0032940938049208918,"(0.09817338169878356, 0.10113536830121642)",0.4094903339191564,0.013800753004412693,0.9405940594059405,0.935672514619883,0.03418518256761909,0.099405,0.0035349999999999965,0.03687284864921244,0.01783,-0.0011000000000000038,0.05810882197570014,-0.0002633751332609263
0.099895,0.0035347188049209,"(0.09842128390123939, 0.10136871609876061)",0.4024604569420035,0.013815032650654252,0.9019607843137255,0.9064327485380117,0.036682321399259366,0.099965,0.004095000000000001,0.04271409199958279,0.017280000000000004,-0.0016499999999999987,0.08716323296354984,-0.00024909548701936707
0.10007958944281524,0.0037193082477361417,"(0.0985672747360101, 0.10159190414962038)",0.4007029876977153,0.014197849582670027,0.9223300970873787,0.9122807017543859,0.03859793891848957,0.09984,0.003970000000000001,0.04141024303744656,0.01765,-0.0012800000000000034,0.06761753829899647,0.00013372144499640762
0.09952349845201239,0.00316321725693329,"(0.09791698586488085, 0.10113001103914393)",0.43233743409490333,0.014675802849439572,0.979381443298969,0.9298245614035088,0.03282698242162071,0.09916,0.0032900000000000013,0.03431730468342549,0.020739999999999995,0.0018099999999999922,0.09561542525092404,0.000611674711765953
0.09967127536231883,0.0033109941672397336,"(0.0981717985099083, 0.10117075221472936)",0.3936731107205624,0.014160238164676134,0.9519230769230769,0.9239766081871345,0.034360569792617195,0.09906,0.0031899999999999984,0.03327422551371648,0.01945000000000001,0.0005200000000000066,0.027469624933967592,9.611002700251475e-05
0.10005678571428571,0.0036965045192066115,"(0.09848540345237604, 0.10162816797619538)",0.4094903339191564,0.014643049671000143,0.8910891089108911,0.9181286549707602,0.038361288212963245,0.099995,0.004125000000000004,0.0430270157504955,0.019322499999999992,0.0003924999999999901,0.020734284204965137,0.0005789215333265232
0.09975049418604652,0.003390212990967423,"(0.09822106446717573, 0.10127992390491732)",0.3954305799648506,0.014422000970737942,0.8846153846153846,0.9122807017543859,0.03518268054971754,0.09951,0.0036400000000000043,0.03796808177740695,0.018227500000000008,-0.0007024999999999948,0.03711040676175355,0.0003578728330643228
0.09989754385964912,0.0035372626645700234,"(0.09840318189468157, 0.10139190582461667)",0.3989455184534271,0.014050009354610394,0.9320388349514563,0.9181286549707602,0.03670872086195887,0.098815,0.002945000000000003,0.030718681547929522,0.01861750000000001,-0.00031249999999999334,0.01650818806127804,-1.4118783063225837e-05
0.09893199421965317,0.0025717130245740683,"(0.09741191342314054, 0.10045207501616579)",0.39191564147627417,0.014375746657255396,0.9038461538461539,0.9064327485380117,0.026688517225968825,0.09870499999999999,0.0028349999999999903,0.02957129446124951,0.01951,0.0005799999999999972,0.030639197041732548,0.0003116185195817765
0.09976973607038123,0.0034094548753021287,"(0.0982582039068976, 0.10128126823386485)",0.4007029876977153,0.014190502942238012,0.9611650485436893,0.9239766081871345,0.03538236743414819,0.09929,0.0034200000000000064,0.035673307604047216,0.017770000000000008,-0.0011599999999999944,0.061278394083465096,0.00012637480456439282
0.09950294478527609,0.0031426635901969924,"(0.09794813232708104, 0.10105775724347114)",0.4270650263620387,0.014269817224101002,0.9387755102040817,0.9239766081871345,0.0326136822269618,0.09889,0.003020000000000009,0.03150099092521132,0.019002500000000005,7.250000000000312e-05,0.0038298996302167515,0.00020568908642738283
0.099971875,0.003611593804920904,"(0.09849488877025545, 0.10144886122974456)",0.4094903339191564,0.013763412792536638,0.9405940594059405,0.9239766081871345,0.03748010861040679,0.09969,0.003820000000000004,0.039845624282883116,0.017310000000000006,-0.0016199999999999964,0.085578446909667,-0.0003007153451369815
0.10027970930232559,0.003919428107246492,"(0.09881425806416697, 0.10174516054048421)",0.3954305799648506,0.013818705703520005,0.9038461538461539,0.9122807017543859,0.0406747267508664,0.099925,0.004055000000000003,0.04229686033169921,0.01807249999999999,-0.000857500000000011,0.04529846804014849,-0.00024542243415361445
0.09978626062322944,0.003425979428150344,"(0.09831754967819678, 0.1012549715682621)",0.37961335676625657,0.014030714062858694,0.9245283018867925,0.935672514619883,0.0355538546137545,0.09916,0.0032900000000000013,0.03431730468342549,0.01811,-0.0008200000000000013,0.04331748547279457,-3.3414074814925795e-05
0.09929502857142856,0.002934747376349467,"(0.09775448427207878, 0.10083557287077835)",0.38488576449912126,0.014653839278038157,0.8571428571428571,0.9181286549707602,0.030455986013657853,0.099405,0.0035349999999999965,0.03687284864921244,0.018862500000000004,-6.749999999999812e-05,0.003565768621236033,0.0005897111403645374
0.10034052325581394,0.003980242060734843,"(0.0988406041139129, 0.10184044239771498)",0.3954305799648506,0.014143726288054747,0.9326923076923077,0.935672514619883,0.04130583692130305,0.09977,0.0039000000000000007,0.04068008761865027,0.018267499999999992,-0.0006625000000000103,0.03499735868991073,7.959815038112786e-05
0.09948196531791909,0.0031216841228399878,"(0.0979451948605868, 0.10101873577525138)",0.39191564147627417,0.014533584540800346,0.9134615384615384,0.9415204678362573,0.03239596319276209,0.09889,0.003020000000000009,0.03150099092521132,0.01906250000000001,0.0001325000000000076,0.00699947173798244,0.0004694564031267265
0.09944464589235127,0.0030843646972721767,"(0.09792551235276699, 0.10096377943193556)",0.37961335676625657,0.014512405173593625,0.9433962264150944,0.9298245614035088,0.032008672650383346,0.09929,0.0034200000000000064,0.035673307604047216,0.01872,-0.00021000000000000185,0.011093502377179177,0.0004482770359200052
0.09928870588235295,0.002928424687273848,"(0.0977703172992716, 0.10080709446543429)",0.4024604569420035,0.014233805187641472,0.9607843137254902,0.9298245614035088,0.03039037091792335,0.09861,0.0027400000000000063,0.028580369250026143,0.018780000000000005,-0.00014999999999999736,0.007923930269413489,0.0001696770499678528
0.09930337209302324,0.002943090897944145,"(0.09777194393977509, 0.1008348002462714)",0.3954305799648506,0.01444084552578647,0.9519230769230769,0.9298245614035088,0.030542572743077902,0.09911,0.0032400000000000068,0.03379576509857105,0.01901,7.999999999999674e-05,0.0042260961436870964,0.00037671738811285126
0.10017297297297297,0.0038126917778938674,"(0.09863097492174548, 0.10171497102420045)",0.4147627416520211,0.014304469745119053,0.95,0.9239766081871345,0.0395670470302506,0.09997,0.004100000000000006,0.042766245958068286,0.01849999999999999,-0.0004300000000000137,0.022715266772319793,0.00024034160744543405
0.09963901162790696,0.0032787304328278644,"(0.09816141572316331, 0.10111660753265062)",0.3954305799648506,0.013933225770128767,0.9423076923076923,0.9239766081871345,0.034025745796550266,0.099055,0.0031850000000000073,0.03322207155523112,0.017835000000000018,-0.0010949999999999849,0.05784469096671869,-0.00013090236754485264
0.09979339393939395,0.003433112744314848,"(0.09822337964595558, 0.10136340823283231)",0.4200351493848858,0.014498127328898306,0.9595959595959596,0.9181286549707602,0.0356278821702958,0.09870499999999999,0.0028349999999999903,0.02957129446124951,0.019604999999999997,0.000674999999999995,0.03565768621236107,0.0004339991912246863
0.1000385534591195,0.003678272264040397,"(0.09844316415427036, 0.10163394276396863)",0.44112478031634444,0.01446008575077776,0.9270833333333334,0.9239766081871345,0.038172078977165104,0.09968,0.003810000000000008,0.03974131636591226,0.019604999999999997,0.000674999999999995,0.03565768621236107,0.000395957613104141
0.09988159420289855,0.0035213130078194516,"(0.09843262474454148, 0.10133056366125562)",0.3936731107205624,0.013683273996990285,0.9423076923076923,0.9298245614035088,0.0365431997929794,0.09934,0.003470000000000001,0.03619484718890165,0.017129999999999992,-0.00180000000000001,0.09508716323296407,-0.0003808541406833347
0.09982420454545454,0.0034639233503754446,"(0.09833159676657821, 0.10131681232433087)",0.38137082601054484,0.014238651279128942,0.9528301886792453,0.9239766081871345,0.035947626007471006,0.09976,0.0038900000000000046,0.04057577970167941,0.01883500000000002,-9.499999999998399e-05,0.0050184891706277854,0.0001745231414553225
0.10008873900293253,0.0037284578078534275,"(0.09856990837145364, 0.10160756963441141)",0.4007029876977153,0.014259022113753234,0.9514563106796117,0.9298245614035088,0.03869289048986121,0.09883,0.0029600000000000043,0.03087514342338588,0.019070000000000004,0.00014000000000000123,0.007395668251452785,0.0001948939760796145
0.10030195121951219,0.003941670024433089,"(0.09876862838699502, 0.10183527405202936)",0.4235500878734622,0.014116013046028825,0.9393939393939394,0.9122807017543859,0.040905547135684166,0.1001,0.004229999999999998,0.04412224887868987,0.019250000000000003,0.00032000000000000084,0.016904384574749118,5.1884908355205595e-05
0.09948348703170029,0.003123205836621193,"(0.0979813451698152, 0.10098562889358538)",0.39015817223198596,0.014226753077332377,0.9333333333333333,0.9239766081871345,0.03241175511202937,0.09916,0.0032900000000000013,0.03431730468342549,0.018635000000000013,-0.0002949999999999897,0.015583729529846258,0.00016262493965875716
0.09931761764705882,0.0029573364519797224,"(0.09783573821934363, 0.10079949707477401)",0.4024604569420035,0.013891558011366777,0.9509803921568627,0.935672514619883,0.030690409111536993,0.09976,0.0038900000000000046,0.04057577970167941,0.01824250000000001,-0.0006874999999999937,0.03631801373481213,-0.00017257012630684208
0.09926673780487803,0.0029064566097989353,"(0.09769252074757781, 0.10084095486217826)",0.4235500878734622,0.01449249176160178,0.9191919191919192,0.9298245614035088,0.03016239236490897,0.099315,0.0034450000000000036,0.03593407739647443,0.018377500000000005,-0.0005524999999999974,0.02918647649234006,0.0004283636239281602
0.100031,0.003670718804920897,"(0.09853527837340025, 0.10152672162659974)",0.4024604569420035,0.014021318709311281,0.9705882352941176,0.9298245614035088,0.038093691294752596,0.09890499999999999,0.003034999999999996,0.03165745280066753,0.018955,2.4999999999997247e-05,0.0013206550449021259,-4.280942836233821e-05
0.10019207602339184,0.0038317948283127373,"(0.09869300480874857, 0.1016911472380351)",0.3989455184534271,0.014094285777289892,0.9611650485436893,0.9239766081871345,0.03976529313520121,0.10005,0.004180000000000003,0.04360070929383544,0.017822500000000005,-0.0011074999999999974,0.05850501848917048,3.0157639616272547e-05
0.09986764011799411,0.0035073589229150104,"(0.0983493994975103, 0.10138588073847792)",0.40421792618629176,0.014211322066854062,0.9705882352941176,0.9181286549707602,0.036398388209499366,0.09965,0.0037800000000000056,0.03942839261499954,0.018710000000000004,-0.00021999999999999797,0.01162176439513988,0.00014719392918044298
0.10013771513353115,0.003777433938452049,"(0.09857590851198868, 0.10169952175507362)",0.4077328646748682,0.014575616966098522,0.9313725490196079,0.9239766081871345,0.039201151051071796,0.09989,0.00402000000000001,0.041931782622301135,0.019180000000000003,0.0002500000000000002,0.013206550449022726,0.0005114888284249025
0.09885746518105851,0.0024971839859794093,"(0.09739507814861781, 0.1003198522134992)",0.36906854130052724,0.014089343331470506,0.9074074074074074,0.935672514619883,0.02591507574499414,0.09831,0.0024399999999999977,0.02545113174089911,0.01908,0.00014999999999999736,0.007923930269413489,2.521519379688683e-05
0.09924792507204612,0.002887643876967022,"(0.09769650922837712, 0.10079934091571512)",0.39015817223198596,0.014693425892839219,0.9238095238095239,0.9122807017543859,0.02996715909453456,0.0988,0.002930000000000002,0.030562219672473162,0.01835500000000001,-0.0005749999999999922,0.030375066032751828,0.0006292977551655993
0.09946765957446808,0.0031073783793889864,"(0.09785870550407792, 0.10107661364485825)",0.421792618629174,0.014835016738779053,0.9595959595959596,0.935672514619883,0.03224750219541361,0.09934,0.003470000000000001,0.03619484718890165,0.020219999999999988,0.0012899999999999856,0.06814580031695644,0.0007708886011054336
0.09971733918128654,0.0033570579862074457,"(0.09824659412627837, 0.10118808423629472)",0.3989455184534271,0.013827962880171846,0.941747572815534,0.935672514619883,0.034838607199694255,0.099575,0.003705,0.038646083237717746,0.018089999999999995,-0.0008400000000000074,0.04437400950871671,-0.00023616525750177336
0.09944610795454545,0.0030858267594663508,"(0.09792900381293278, 0.10096321209615812)",0.38137082601054484,0.014472333008211333,0.9245283018867925,0.935672514619883,0.03202384552219361,0.099315,0.0034450000000000036,0.03593407739647443,0.01838250000000001,-0.0005474999999999924,0.028922345483359344,0.00040820487053771365
0.09983014662756598,0.003469865432486882,"(0.0983872670379709, 0.10127302621716106)",0.4007029876977153,0.013545981723772924,0.9320388349514563,0.9298245614035088,0.03600929127076977,0.09947,0.003600000000000006,0.03755085010952337,0.017400000000000013,-0.0015299999999999897,0.08082408874801847,-0.0005181464139006955
0.09984715942028986,0.0034868782252107655,"(0.09833754663690786, 0.10135677220367187)",0.3936731107205624,0.014255956345550987,0.9134615384615384,0.9122807017543859,0.03618584526701062,0.09984,0.003970000000000001,0.04141024303744656,0.018479999999999996,-0.00045000000000000595,0.023771790808241197,0.0001918282078773679
0.09996759999999999,0.003607318804920892,"(0.09845910633026896, 0.10147609366973102)",0.4288224956063269,0.013823300883242106,0.9285714285714286,0.9239766081871345,0.03743574385817701,0.09965,0.0037800000000000056,0.03942839261499954,0.018170000000000006,-0.0007599999999999968,0.04014791336502888,-0.00024082725443151307
0.09981171597633137,0.0034514347812522744,"(0.09824664481924093, 0.10137678713342181)",0.40597539543058,0.014627894961110268,0.9313725490196079,0.9181286549707602,0.0358180231361605,0.100035,0.004165000000000002,0.04344424741837908,0.02017250000000001,0.0012425000000000075,0.06563655573164329,0.000563766823436649
0.09983357142857144,0.0034732902334923405,"(0.09828924495335241, 0.10137789790379047)",0.4094903339191564,0.014390928186621412,0.9108910891089109,0.9122807017543859,0.036044832896042996,0.099195,0.0033250000000000085,0.0346823823928237,0.017975000000000005,-0.0009549999999999975,0.050449022715266634,0.00032680004894779235
0.10118132530120484,0.004821044106125744,"(0.09969752438786438, 0.10266512621454531)",0.4165202108963093,0.013743764267634708,0.91,0.9122807017543859,0.05003144497228743,0.10035,0.004479999999999998,0.04672994680296232,0.016905000000000003,-0.002024999999999999,0.10697305863708392,-0.0003203638700389113
0.09931415697674417,0.0029538757816650746,"(0.09784106950617312, 0.10078724444731522)",0.3954305799648506,0.013890712772498613,0.9519230769230769,0.9239766081871345,0.030654495244622867,0.09901499999999999,0.003144999999999995,0.0328048398873474,0.0178175,-0.0011125000000000024,0.0587691494981512,-0.00017341536517500623
0.1001424924924925,0.003782211297413407,"(0.09859578317962142, 0.10168920180536359)",0.4147627416520211,0.014348174145126942,0.93,0.935672514619883,0.0392507291438514,0.09968,0.003810000000000008,0.03974131636591226,0.01854,-0.00039000000000000146,0.02060221870047551,0.0002840460074533223
0.10058339233038349,0.004223111135304394,"(0.09910114467410018, 0.1020656399866668)",0.40421792618629176,0.013874413938133984,0.9215686274509803,0.935672514619883,0.0438262641300808,0.1001,0.004229999999999998,0.04412224887868987,0.018130000000000007,-0.0007999999999999952,0.04226096143687243,-0.00018971419953963536
0.09958487878787879,0.003224597592799694,"(0.09803842825201067, 0.10113132932374691)",0.4200351493848858,0.014280530356037225,0.9393939393939394,0.9239766081871345,0.03346397034968768,0.0994,0.0035300000000000054,0.03682069469072708,0.018619999999999998,-0.0003100000000000047,0.016376122556788414,0.00021640221836360593
0.09976946745562129,0.0034091862605421935,"(0.0982648130361627, 0.10127412187507988)",0.40597539543058,0.014063211567663362,0.9411764705882353,0.9239766081871345,0.035379579825430114,0.09976,0.0038900000000000046,0.04057577970167941,0.018135,-0.000795000000000004,0.04199683042789244,-9.165700102578556e-07
0.09961165680473373,0.003251375609654633,"(0.09810381761122931, 0.10111949599823815)",0.40597539543058,0.014092977971578144,0.9117647058823529,0.9473684210526315,0.033741865105938205,0.098695,0.002825000000000008,0.029466986544278796,0.017627500000000004,-0.001302499999999998,0.06880612783940823,2.884983390452449e-05
0.10023410029498525,0.0038738190999061534,"(0.09875794854877556, 0.10171025204119494)",0.40421792618629176,0.01381735385149294,0.9607843137254902,0.9415204678362573,0.040201409251429,0.09947,0.003600000000000006,0.03755085010952337,0.01833,-0.0006000000000000033,0.031695721077654684,-0.0002467742861806798
0.09922958791208793,0.0028693067170088293,"(0.09778456325119343, 0.10067461257298242)",0.3602811950790861,0.014019335903264417,0.9636363636363636,0.9415204678362573,0.029776861186197517,0.09931000000000001,0.0034400000000000125,0.03588192343798907,0.019155000000000005,0.00022500000000000298,0.011885895404120599,-4.4792234409202214e-05
0.10022859375,0.0038683125549208996,"(0.09867350639061576, 0.10178368110938424)",0.437609841827768,0.014139395648383568,0.9166666666666666,0.9239766081871345,0.0401442638703969,0.0994,0.0035300000000000054,0.03682069469072708,0.019302500000000014,0.0003725000000000117,0.01967776016904446,7.526751070994868e-05
0.09944957386363634,0.0030892926685572447,"(0.0979532842027909, 0.10094586352448179)",0.38137082601054484,0.014273774393285962,0.8962264150943396,0.9298245614035088,0.03205981375565982,0.09901499999999999,0.003144999999999995,0.0328048398873474,0.01825750000000001,-0.0006724999999999925,0.03552562070787071,0.0002096462556123429
0.09994671388101983,0.0035864326859407353,"(0.09846052247670388, 0.10143290528533579)",0.37961335676625657,0.014197706299636723,0.9339622641509434,0.9181286549707602,0.03721899356727787,0.09934,0.003470000000000001,0.03619484718890165,0.01824999999999999,-0.0006800000000000139,0.035921817221342515,0.00013357816196310317
0.09932133522727273,0.0029610540321936274,"(0.09781103631988283, 0.10083163413466262)",0.38137082601054484,0.014407414843947303,0.9245283018867925,0.935672514619883,0.030728989117404546,0.098595,0.002725000000000005,0.028423907374569787,0.019532500000000008,0.0006025000000000058,0.031827786582145044,0.00034328670627368357
0.0992867590027701,0.002926477807691008,"(0.09783311083122344, 0.10074040717431677)",0.3655536028119508,0.014044370947112311,0.963302752293578,0.9064327485380117,0.03037016674708974,0.09874,0.0028699999999999976,0.029936372170647728,0.018930000000000002,0.0,0.0,-1.9757190561308507e-05
0.09965559523809524,0.00329531404301614,"(0.09818155197124005, 0.10112963850495042)",0.4094903339191564,0.013735988560499976,0.9504950495049505,0.9122807017543859,0.034197845856685026,0.09925,0.003380000000000008,0.03525607593616364,0.018780000000000005,-0.00014999999999999736,0.007923930269413489,-0.0003281395771736438
0.09993170588235294,0.0035714246872738387,"(0.09843479699280511, 0.10142861477190077)",0.4024604569420035,0.014032448448890228,0.9215686274509803,0.9298245614035088,0.03706324476205683,0.099665,0.0037950000000000067,0.039584854490455894,0.017902500000000002,-0.0010275000000000006,0.054278922345483385,-3.167968878339117e-05
0.10021295321637426,0.0038526720212951615,"(0.09876552528244348, 0.10166038115030504)",0.3989455184534271,0.01360873502444466,0.9223300970873787,0.9239766081871345,0.03998195079459678,0.09969,0.003820000000000004,0.039845624282883116,0.018129999999999993,-0.000800000000000009,0.04226096143687316,-0.0004553931132289593
0.09989270114942528,0.0035324199543461804,"(0.09839415289979639, 0.10139124939905417)",0.3884007029876977,0.014213297712911273,0.9428571428571428,0.9181286549707602,0.03665846457208733,0.099335,0.0034650000000000097,0.036142693230416294,0.018360000000000015,-0.0005699999999999872,0.03011093502377111,0.00014916957523765373
0.09919709039548022,0.002836809200401122,"(0.09772550453428804, 0.1006686762566724)",0.37785588752196836,0.014078214309319001,0.9532710280373832,0.935672514619883,0.029439611064003324,0.098825,0.0029549999999999993,0.03082298946490038,0.01891000000000001,-1.9999999999992246e-05,0.0010565240359214074,1.4086171645381895e-05
0.09995741641337388,0.0035971352182947863,"(0.09842403601799171, 0.10149079680875606)",0.421792618629174,0.014138205838836664,0.9393939393939394,0.9181286549707602,0.03733006144941059,0.09968,0.003810000000000008,0.03974131636591226,0.01780000000000001,-0.0011299999999999921,0.05969360802958225,7.407770116304481e-05
0.1000549696969697,0.0036946885018906,"(0.09850824367437237, 0.10160169571956702)",0.4200351493848858,0.014283074308467578,0.9797979797979798,0.935672514619883,0.03834244209406976,0.0994,0.0035300000000000054,0.03682069469072708,0.019104999999999997,0.0001749999999999946,0.009244585314315615,0.00021894617079395821
0.1005012951807229,0.004141013985643802,"(0.09905214766107844, 0.10195044270036736)",0.4165202108963093,0.013422785846776962,0.92,0.9181286549707602,0.042974282912898704,0.09976,0.0038900000000000046,0.04057577970167941,0.017254999999999993,-0.0016750000000000098,0.0884838880084527,-0.0006413422908966571
0.10007047619047617,0.0037101949953970703,"(0.09853054107094726, 0.10161041131000507)",0.4094903339191564,0.014350006991917743,0.9603960396039604,0.9298245614035088,0.03850336413906751,0.099055,0.0031850000000000073,0.03322207155523112,0.018949999999999995,1.9999999999992246e-05,0.0010565240359214074,0.0002858788542441232
0.09937672364672365,0.0030164424516445493,"(0.09795344599794618, 0.10080000129550111)",0.38312829525483305,0.013557846598103123,0.9622641509433962,0.935672514619883,0.03130379461572796,0.09847,0.002600000000000005,0.02712005841243356,0.017439999999999983,-0.001490000000000019,0.07871104067617637,-0.0005062815395704967
0.10014527777777776,0.003784996582698666,"(0.09857410021010929, 0.10171645534544624)",0.4305799648506151,0.014375379631546555,0.9489795918367347,0.9181286549707602,0.03927963405416004,0.099795,0.003924999999999998,0.04094085741107748,0.0191075,0.0001774999999999971,0.009376650818805973,0.00031125149387293584
0.10028198830409357,0.0039217071090144745,"(0.0987692611092351, 0.10179471549895204)",0.3989455184534271,0.01422267946922521,0.9223300970873787,0.9239766081871345,0.040698377592683355,0.1001,0.004229999999999998,0.04412224887868987,0.019345,0.0004149999999999987,0.021922873745377637,0.00015855133155158983
0.09998571005917159,0.003625428864092492,"(0.09843701753960599, 0.10153440257873719)",0.40597539543058,0.014474812471388255,0.9411764705882353,0.9239766081871345,0.03762368497817994,0.099335,0.0034650000000000097,0.036142693230416294,0.018952499999999997,2.2499999999994746e-05,0.0011885895404117666,0.0004106843337146355
0.0999490909090909,0.0035888097140118064,"(0.09847364026748531, 0.1014245415506965)",0.38137082601054484,0.014074981694926275,0.9150943396226415,0.9298245614035088,0.03724366169860325,0.09968,0.003810000000000008,0.03974131636591226,0.01877999999999999,-0.00015000000000001124,0.007923930269414221,1.0853557252655383e-05
0.10035774774774775,0.003997466552668652,"(0.09888391376341696, 0.10183158173207854)",0.4147627416520211,0.01367214026075183,0.93,0.9122807017543859,0.04148458787263059,0.09916,0.0032900000000000013,0.03431730468342549,0.017420000000000005,-0.0015099999999999975,0.07976756471209706,-0.0003919878769217903
0.10004715133531157,0.0036868701402324733,"(0.09854594621619678, 0.10154835645442636)",0.4077328646748682,0.014010051245751283,0.9215686274509803,0.9298245614035088,0.03826130532733183,0.09906,0.0031899999999999984,0.03327422551371648,0.018239999999999992,-0.00069000000000001,0.03645007923930322,-5.407689192233646e-05
0.10017982248520711,0.0038195412901280146,"(0.09868730121065884, 0.10167234375975538)",0.40597539543058,0.013949809459080654,0.9313725490196079,0.9415204678362573,0.039638129349118895,0.099965,0.004095000000000001,0.04271409199958279,0.018379999999999994,-0.0005500000000000088,0.029054410987850436,-0.00011431867859296521
0.09976436578171093,0.003404084586631828,"(0.09824605960245611, 0.10128267196096574)",0.40421792618629176,0.014211935722421276,0.9313725490196079,0.9122807017543859,0.03532663608297634,0.09906,0.0031899999999999984,0.03327422551371648,0.018864999999999993,-6.50000000000095e-05,0.003433703116746407,0.00014780758474765635
0.1007970820668693,0.0044368008717902,"(0.09930661676876891, 0.10228754736496969)",0.421792618629174,0.013742516366875982,0.9494949494949495,0.935672514619883,0.04604387634369811,0.1004,0.004530000000000006,0.0472514863878169,0.018500000000000003,-0.0004299999999999998,0.022715266772319057,-0.00032161177079763695
0.10021928774928775,0.0038590065542086494,"(0.09879170419172015, 0.10164687130685535)",0.38312829525483305,0.013598863788875612,0.9433962264150944,0.9415204678362573,0.04004768880236228,0.09984,0.003970000000000001,0.04141024303744656,0.01736500000000002,-0.001564999999999983,0.08267300581088129,-0.0004652643487980078
0.09997685185185184,0.003616570656772747,"(0.09843334496476605, 0.10152035873893764)",0.4305799648506151,0.014122208668426431,0.8877551020408163,0.9239766081871345,0.03753175698450989,0.099665,0.0037950000000000067,0.039584854490455894,0.017729999999999996,-0.0012000000000000066,0.06339144215530937,5.8080530752811776e-05
0.10034276595744682,0.003982484762367719,"(0.09877500997494529, 0.10191052193994835)",0.421792618629174,0.014455158584540103,0.9696969696969697,0.9298245614035088,0.04132911105048846,0.1003,0.004430000000000003,0.04620840721810789,0.019099999999999992,0.0001699999999999896,0.008980454305334897,0.0003910304468664836
0.0996581570996979,0.003297875904618802,"(0.09809825447774626, 0.10121805972164954)",0.4182776801405975,0.014426722466966684,0.94,0.9239766081871345,0.03422443213861457,0.09916,0.0032900000000000013,0.03431730468342549,0.01907500000000001,0.00014500000000000624,0.007659799260433503,0.0003625943292930641
0.1000518484848485,0.0036915672897693957,"(0.09851065421271399, 0.101593042756983)",0.4200351493848858,0.014231991956608226,0.9292929292929293,0.9239766081871345,0.038310051029177734,0.09977,0.0039000000000000007,0.04068008761865027,0.017795000000000005,-0.0011349999999999971,0.05995773903856297,0.00016786381893460663
0.09959535211267607,0.003235070917596977,"(0.09814682578387621, 0.10104387844147594)",0.37609841827768015,0.013877304728520189,0.9065420560747663,0.9239766081871345,0.03357265958001568,0.09916,0.0032900000000000013,0.03431730468342549,0.019134999999999985,0.00020499999999998297,0.010829371368197725,-0.00018682340915343078
0.10042542682926829,0.004065145634189193,"(0.09891311550297831, 0.10193773815555827)",0.4235500878734622,0.013922577789128128,0.9393939393939394,0.935672514619883,0.042186942418312404,0.099965,0.004095000000000001,0.04271409199958279,0.018525,-0.0004050000000000026,0.021394611727416933,-0.00014155034854549178
0.09973700296735907,0.0033767217722799753,"(0.0982468702082383, 0.10122713572647984)",0.4077328646748682,0.013906718044343609,0.9215686274509803,0.935672514619883,0.03504267246215152,0.09898,0.0031100000000000017,0.032439762177949326,0.01852000000000001,-0.0004099999999999937,0.021658742736396917,-0.00015741009333001058
0.09991881690140846,0.0035585357063293577,"(0.09844321987595282, 0.10139441392686409)",0.37609841827768015,0.014136649898322308,0.9532710280373832,0.935672514619883,0.03692948652905222,0.09996,0.004089999999999996,0.04266193804109728,0.018009999999999998,-0.0009200000000000041,0.0486001056524038,7.252176064868887e-05
0.09979283667621777,0.0034325554811386744,"(0.09826411888930896, 0.10132155446312659)",0.3866432337434095,0.014520410693236613,0.9333333333333333,0.9181286549707602,0.035622099049187575,0.09947,0.003600000000000006,0.03755085010952337,0.018809999999999993,-0.00012000000000000899,0.006339144215531377,0.00045628255556299374
0.10005282738095238,0.00369254618587328,"(0.09854562873826192, 0.10156002602364284)",0.4094903339191564,0.014044949547896195,0.9603960396039604,0.9181286549707602,0.03832020973867654,0.09877,0.0029,0.030249295921560445,0.019210000000000005,0.00028000000000000247,0.01479133650290557,-1.9178589777424718e-05
0.09992073746312685,0.003560456268047754,"(0.09847073221063254, 0.10137074271562116)",0.40421792618629176,0.01357261251201421,0.9215686274509803,0.9181286549707602,0.03694941758046238,0.09929,0.0034200000000000064,0.035673307604047216,0.017460000000000003,-0.001469999999999999,0.07765451664025351,-0.0004915156256594094
0.09985476878612716,0.003494487591048062,"(0.09835285045001485, 0.10135668712223947)",0.39191564147627417,0.014203980176166676,0.9423076923076923,0.9181286549707602,0.03626481313367647,0.099315,0.0034450000000000036,0.03593407739647443,0.018799999999999997,-0.0001300000000000051,0.006867406233492081,0.00013985203849305704
0.09928300283286118,0.0029227216377820803,"(0.09783729361194726, 0.1007287120537751)",0.37961335676625657,0.013810976737992803,0.9622641509433962,0.9181286549707602,0.03033118626817931,0.09898,0.0031100000000000017,0.032439762177949326,0.017479999999999996,-0.0014500000000000068,0.0765979926043321,-0.0002531513996808163
0.09997329341317365,0.003613012218094555,"(0.09842562221838363, 0.10152096460796367)",0.4130052724077329,0.014378796135631334,0.9306930693069307,0.9122807017543859,0.03749482850491166,0.09939500000000001,0.0035250000000000142,0.03676854073224173,0.018967499999999998,3.749999999999587e-05,0.001980982567353189,0.0003146679979577141
0.099337,0.002976718804920897,"(0.0978476635300953, 0.10082633646990469)",0.38488576449912126,0.014166744357896974,0.9619047619047619,0.9181286549707602,0.030891553739809046,0.09873,0.0028600000000000014,0.02983206425367687,0.019727499999999995,0.0007974999999999927,0.04212889593238207,0.000102616220223355
0.09966937142857143,0.0033090902334923372,"(0.09820365165918118, 0.10113509119796169)",0.38488576449912126,0.013942099514017973,0.9333333333333333,0.9181286549707602,0.03434081130163125,0.09901499999999999,0.003144999999999995,0.0328048398873474,0.018487500000000004,-0.00044249999999999845,0.02337559429477012,-0.00012202862365564594
0.10025948571428572,0.0038992045192066255,"(0.09881266237932917, 0.10170630904924227)",0.38488576449912126,0.01376235439845307,0.8952380952380953,0.9122807017543859,0.040464852020437536,0.099665,0.0037950000000000067,0.039584854490455894,0.018387499999999987,-0.0005425000000000152,0.028658214474380092,-0.00030177373922054933
0.10044819241982507,0.0040879112247459715,"(0.09893653066222788, 0.10195985417742226)",0.39718804920913886,0.014233574023120064,0.9223300970873787,0.9532163742690059,0.042423197338643005,0.1003,0.004430000000000003,0.04620840721810789,0.018184999999999993,-0.0007450000000000095,0.03935552033808819,0.0001694458854464443
0.0999751226993865,0.003614841504307409,"(0.09836494561261415, 0.10158529978615886)",0.4270650263620387,0.014777944829018475,0.8979591836734694,0.935672514619883,0.037513812324698886,0.099665,0.0037950000000000067,0.039584854490455894,0.019527500000000017,0.0005975000000000147,0.03156365557316506,0.0007138166913448554
0.10037297872340427,0.004012697528325171,"(0.09883971744178285, 0.10190624000502568)",0.421792618629174,0.014137107575892276,0.9292929292929293,0.9064327485380117,0.04164265067057619,0.09965,0.0037800000000000056,0.03942839261499954,0.01816999999999999,-0.0007600000000000107,0.04014791336502961,7.29794382186566e-05
0.09925011976047905,0.0028898385653999548,"(0.09772723811555108, 0.10077300140540703)",0.4130052724077329,0.014148486309513087,0.9405940594059405,0.9415204678362573,0.0299899349561833,0.09827,0.0023999999999999994,0.025033900073015536,0.018799999999999997,-0.0001300000000000051,0.006867406233492081,8.435817183946766e-05
0.10020434131736526,0.0038440601222861637,"(0.09867131233150192, 0.1017373703032286)",0.4130052724077329,0.014242761209194361,0.8811881188118812,0.9239766081871345,0.03989257891956496,0.10014999999999999,0.004279999999999992,0.044643788463544304,0.018162499999999984,-0.0007675000000000182,0.04054410987850069,0.00017863307152074168
0.09948844236760124,0.0031281611725221398,"(0.09787169162996526, 0.10110519310523722)",0.4358523725834798,0.014723186690258306,0.9587628865979382,0.9239766081871345,0.03246318019962241,0.09916,0.0032900000000000013,0.03431730468342549,0.020659999999999998,0.0017299999999999954,0.09138932910723693,0.0006590585525846869
0.10000864048338369,0.0036483592883045923,"(0.0985205687915262, 0.10149671217524119)",0.4182776801405975,0.013762395810655354,0.94,0.9298245614035088,0.03786165049600235,0.09933,0.0034600000000000047,0.03609053927193079,0.017549999999999996,-0.0013800000000000062,0.0729001584786057,-0.00030173232701826563
0.0999318918918919,0.0035716106968128047,"(0.09838711931376412, 0.10147666447001968)",0.4147627416520211,0.014330207868504297,0.96,0.9239766081871345,0.03706517511693603,0.09906,0.0031899999999999984,0.03327422551371648,0.019430000000000003,0.0005000000000000004,0.026413100898045452,0.0002660797308306779
0.09983528301886792,0.0034750018237888203,"(0.09822205790890949, 0.10144850812882635)",0.44112478031634444,0.014621743642384872,0.9479166666666666,0.9239766081871345,0.036062595300586156,0.09931000000000001,0.0034400000000000125,0.03588192343798907,0.019729999999999998,0.0007999999999999952,0.04226096143687243,0.0005576155047112528
0.09992733333333335,0.0035670521382542564,"(0.0984004144343377, 0.10145425223232901)",0.4200351493848858,0.014100167566028105,0.9494949494949495,0.9298245614035088,0.03701786767343325,0.099675,0.003805000000000003,0.03968916240742675,0.017875000000000002,-0.0010550000000000004,0.05573164289487587,3.6039428354485425e-05
0.09936891737891737,0.003008636183838273,"(0.09789391125036359, 0.10084392350747115)",0.38312829525483305,0.014050601328118511,0.9433962264150944,0.9122807017543859,0.031222783355596074,0.09898,0.0031100000000000017,0.032439762177949326,0.01827999999999999,-0.0006500000000000117,0.034337031167459675,-1.352680955510853e-05
0.10025498516320475,0.0038947039681256485,"(0.09877120327596338, 0.10173876705044611)",0.4077328646748682,0.01384744830208605,0.9215686274509803,0.9122807017543859,0.04041814656228444,0.0995,0.0036300000000000082,0.037863773860436094,0.01861,-0.00032000000000000084,0.016904384574749118,-0.00021667983558756876
0.10009065281899109,0.0037303716239119877,"(0.09858303002865397, 0.1015982756093282)",0.4077328646748682,0.014069944395300385,0.9313725490196079,0.9181286549707602,0.03871275153670358,0.0995,0.0036300000000000082,0.037863773860436094,0.01833,-0.0006000000000000033,0.031695721077654684,5.816257626765908e-06
0.10040002941176471,0.00403974821668561,"(0.09887057875039858, 0.10192948007313084)",0.4024604569420035,0.014337504246650852,0.8823529411764706,0.9415204678362573,0.04192337513531364,0.100035,0.004165000000000002,0.04344424741837908,0.0190675,0.00013749999999999873,0.007263602746962426,0.0002733761089772323
0.09918430517711173,0.0028240239820326307,"(0.09775013169007449, 0.10061847866414897)",0.35500878734622143,0.013971663594597516,0.963963963963964,0.935672514619883,0.029306929649940118,0.09855,0.002680000000000002,0.02795452174820071,0.018969999999999987,3.999999999998449e-05,0.002113048071842815,-9.246454307610362e-05
0.10047697247706422,0.0041166912819851215,"(0.09895749916181938, 0.10199644579230906)",0.4253075571177504,0.013967012813803742,0.9595959595959596,0.935672514619883,0.042721868709068814,0.1005,0.004630000000000009,0.04829456555752591,0.018815,-0.00011500000000000399,0.006075013206550659,-9.711532386987715e-05
0.09918246575342465,0.0028221845583455557,"(0.09773025692769256, 0.10063467457915674)",0.3585237258347979,0.014108504661850837,0.9727272727272728,0.935672514619883,0.029287840626285744,0.09832,0.0024500000000000077,0.025555439657870115,0.018560000000000007,-0.00036999999999999533,0.01954569466455337,4.437652417721774e-05
0.10001944281524926,0.0036591616201701593,"(0.09852123420060675, 0.10151765142989176)",0.4007029876977153,0.014065419359103928,0.970873786407767,0.9122807017543859,0.037973754069503735,0.09916,0.0032900000000000013,0.03431730468342549,0.01897,3.999999999999837e-05,0.0021130480718435482,1.2912214303086034e-06
0.10018664723032068,0.003826366035241585,"(0.09871961774926412, 0.10165367671137725)",0.39718804920913886,0.013813323389161358,0.941747572815534,0.9298245614035088,0.0397089546417491,0.09934,0.003470000000000001,0.03619484718890165,0.018809999999999993,-0.00012000000000000899,0.006339144215531377,-0.00025080474851226116
0.09942323699421966,0.0030629557991405654,"(0.09788981407204804, 0.10095665991639129)",0.39191564147627417,0.014501926146387076,0.9615384615384616,0.9122807017543859,0.03178649710392277,0.09926499999999999,0.0033949999999999952,0.035412537811619856,0.019085000000000005,0.00015500000000000236,0.008188061278394207,0.0004377980087134567
0.09968617021276596,0.0033258890176868644,"(0.09809047532210699, 0.10128186510342493)",0.421792618629174,0.014712763309128964,0.9494949494949495,0.9415204678362573,0.03451514437731539,0.09933,0.0034600000000000047,0.03609053927193079,0.01965,0.0007199999999999984,0.03803486529318533,0.0006486351714553446
0.10007334337349398,0.003713062178414883,"(0.09852671412994668, 0.10161997261704128)",0.4165202108963093,0.014325714145093598,0.94,0.9298245614035088,0.03853311896109848,0.099665,0.0037950000000000067,0.039584854490455894,0.019385000000000013,0.00045500000000001095,0.024035921817221917,0.000261586007419979
0.09983951149425288,0.003479230299173783,"(0.09836628034721635, 0.10131274264128941)",0.3884007029876977,0.013973172300557876,0.9333333333333333,0.9298245614035088,0.03610647723339624,0.09902,0.00315,0.0328569938458329,0.018002500000000005,-0.0009274999999999978,0.048996302165874146,-9.095583711574325e-05
0.09921254385964912,0.0028522626645700183,"(0.09768125297284054, 0.10074383474645769)",0.3989455184534271,0.014397215526532395,0.970873786407767,0.9415204678362573,0.0295999827853935,0.09873,0.0028600000000000014,0.02983206425367687,0.018812499999999996,-0.00011750000000000649,0.006207078711041018,0.00033308738885877605
0.09928957831325301,0.0029292971181739125,"(0.09775393354191085, 0.10082522308459517)",0.4165202108963093,0.014223970039644788,0.95,0.9239766081871345,0.030399424761366357,0.09890499999999999,0.003034999999999996,0.03165745280066753,0.017875000000000002,-0.0010550000000000004,0.05573164289487587,0.00015984190197116874
0.09937411428571429,0.0030138330906351873,"(0.09785259349730738, 0.10089563507412119)",0.38488576449912126,0.014472885395713108,0.9714285714285714,0.9122807017543859,0.031276715398264085,0.09873,0.0028600000000000014,0.02983206425367687,0.020034999999999983,0.001104999999999981,0.05837295298467939,0.00040875725803948826
0.09860511834319527,0.0022448371481161716,"(0.09706211326194267, 0.10014812342444787)",0.40597539543058,0.014421654984034771,0.9705882352941176,0.9122807017543859,0.02329629096423611,0.098315,0.0024450000000000027,0.025503285699384613,0.019284999999999997,0.0003549999999999942,0.018753301637611946,0.0003575268463611517
0.10087436201780417,0.004514080822725072,"(0.09935248836097121, 0.10239623567463713)",0.4077328646748682,0.014202941123969148,0.9117647058823529,0.9181286549707602,0.04684586602218836,0.1007,0.004830000000000001,0.05038072389694379,0.017420000000000005,-0.0015099999999999975,0.07976756471209706,0.0001388129862955282
0.09993913544668588,0.0035788542516067834,"(0.09842070809619306, 0.1014575627971787)",0.39015817223198596,0.014380992587624144,0.9333333333333333,0.9181286549707602,0.037140346699087334,0.09965,0.0037800000000000056,0.03942839261499954,0.01909000000000001,0.00016000000000000736,0.008452192287374925,0.0003168644499505248
0.09951125714285715,0.003150975947778051,"(0.09805972717483195, 0.10096278711088234)",0.38488576449912126,0.013807124447946453,0.9142857142857143,0.9239766081871345,0.03269994554498004,0.0994,0.0035300000000000054,0.03682069469072708,0.018280000000000005,-0.0006499999999999978,0.03433703116745894,-0.00025700368972716645
0.10024560240963858,0.0038853212145594784,"(0.0986897842424734, 0.10180142057680375)",0.4165202108963093,0.014410826911194411,0.95,0.9298245614035088,0.04032077497463647,0.1003,0.004430000000000003,0.04620840721810789,0.019197500000000006,0.00026750000000000385,0.014131008980454506,0.000346698773520792
0.10016956140350877,0.0038092802084296745,"(0.09870659087845488, 0.10163253192856267)",0.3989455184534271,0.013754866655063022,0.8932038834951457,0.935672514619883,0.03953164271820541,0.100035,0.004165000000000002,0.04344424741837908,0.018787499999999985,-0.0001425000000000176,0.007527733755943877,-0.00030926148261059723
0.09969375375375375,0.003333472558674652,"(0.09817601267452057, 0.10121149483298693)",0.4147627416520211,0.014079447980840877,0.94,0.9122807017543859,0.03459384424092865,0.09874,0.0028699999999999976,0.029936372170647728,0.01897,3.999999999999837e-05,0.0021130480718435482,1.5319843167257985e-05
0.09984964383561645,0.003489362640537355,"(0.09841484640609896, 0.10128444126513395)",0.3585237258347979,0.013939349399666588,0.9545454545454546,0.9239766081871345,0.036211627833185996,0.0997,0.00383,0.039949932199853974,0.018210000000000004,-0.0007199999999999984,0.03803486529318533,-0.00012477873800703122
0.09961820512820514,0.0032579239331260446,"(0.09812742870328678, 0.1011089815531235)",0.38312829525483305,0.014200825888380151,0.9339622641509434,0.9181286549707602,0.033809821772213956,0.09947,0.003600000000000006,0.03755085010952337,0.018915000000000015,-1.4999999999987246e-05,0.000792393026940689,0.00013669775070653152
0.09949017142857142,0.003129890233492319,"(0.09798078085520798, 0.10099956200193486)",0.38488576449912126,0.014357501357922079,0.9428571428571428,0.9415204678362573,0.03248112390992229,0.098695,0.002825000000000008,0.029466986544278796,0.01937499999999999,0.00044499999999998707,0.02350765979925975,0.00029337322024845965
0.10034677419354839,0.003986492998469288,"(0.09883158291174986, 0.10186196547534691)",0.4007029876977153,0.014224855323529025,0.912621359223301,0.9122807017543859,0.04137070740172216,0.09968,0.003810000000000008,0.03974131636591226,0.01977000000000001,0.0008400000000000074,0.04437400950871671,0.00016072718585540512
0.10088224550898205,0.004521964313902949,"(0.09939147412292951, 0.10237301689503459)",0.4130052724077329,0.013850162694144031,0.9504950495049505,0.9181286549707602,0.04692767868483426,0.1004,0.004530000000000006,0.0472514863878169,0.017689999999999997,-0.001240000000000005,0.06550449022715292,-0.00021396544352958805
0.09920573446327682,0.0028454532681977257,"(0.09771942717018783, 0.10069204175636581)",0.37785588752196836,0.014219049770333348,0.9252336448598131,0.9239766081871345,0.029529316777699863,0.09901499999999999,0.003144999999999995,0.0328048398873474,0.018775,-0.00015500000000000236,0.008188061278394207,0.000154921632659729
0.09975366071428571,0.00339337951920661,"(0.09822896352555485, 0.10127835790301656)",0.4094903339191564,0.014208011130714661,0.9702970297029703,0.935672514619883,0.03521554189258533,0.099335,0.0034650000000000097,0.036142693230416294,0.019402500000000003,0.0004725000000000007,0.024960380348652965,0.00014388299304104145
0.09964064705882353,0.0032803658637444305,"(0.09820058833808007, 0.10108070577956699)",0.4024604569420035,0.013499518844003583,0.9117647058823529,0.935672514619883,0.03404271784038704,0.099905,0.004034999999999997,0.042088244497757346,0.018392500000000006,-0.0005374999999999963,0.02839408346539864,-0.0005646092936700368
0.10012214501510575,0.003761863820026648,"(0.09860720408259661, 0.10163708594761488)",0.4182776801405975,0.014010895346667555,0.93,0.9298245614035088,0.03903956872449183,0.0995,0.0036300000000000082,0.037863773860436094,0.01754,-0.0013900000000000023,0.07342842049656641,-5.323279100606475e-05
0.09960404833836858,0.003243767143289486,"(0.0980901542439579, 0.10111794243277927)",0.4182776801405975,0.014001213689299007,0.92,0.9239766081871345,0.03366290657374232,0.09879,0.002920000000000006,0.030457911755502304,0.018815000000000012,-0.00011499999999999011,0.006075013206549926,-6.291444837461246e-05
0.09956717514124294,0.003206893946163844,"(0.09808092217508418, 0.1010534281074017)",0.37785588752196836,0.01421853004111695,0.9532710280373832,0.9473684210526315,0.03328024686511202,0.09956000000000001,0.0036900000000000127,0.03848962136226153,0.019775,0.0008449999999999985,0.0446381405176967,0.00015440190344333075
0.1000967741935484,0.0037364929984693013,"(0.09861188043367543, 0.10158166795342137)",0.4007029876977153,0.013940417397288582,0.9514563106796117,0.9298245614035088,0.03877627744677146,0.09916,0.0032900000000000013,0.03431730468342549,0.018670000000000006,-0.00025999999999999635,0.013734812466983428,-0.0001237107403850371
0.09957383098591549,0.0032135497908363925,"(0.0980635707587058, 0.10108409121312519)",0.37609841827768015,0.014468733481508468,0.9439252336448598,0.9239766081871345,0.03334931935628786,0.09905,0.0031800000000000023,0.03316991759674562,0.019449999999999995,0.0005199999999999927,0.027469624933966857,0.00040460534383484834
0.09965772079772078,0.003297439602641686,"(0.09816563107504733, 0.10114981052039423)",0.38312829525483305,0.01421333608940543,0.9433962264150944,0.935672514619883,0.03421990431893923,0.09968,0.003810000000000008,0.03974131636591226,0.019454999999999986,0.0005249999999999838,0.027733755942946844,0.00014920795173180984
0.09984363905325445,0.0034833578581753566,"(0.09828452119148025, 0.10140275691502866)",0.40597539543058,0.014572252648513893,0.8921568627450981,0.9239766081871345,0.03614931188425428,0.099665,0.0037950000000000067,0.039584854490455894,0.018734999999999988,-0.0001950000000000146,0.010301109350238489,0.0005081245108402733
0.09967213675213676,0.0033118555570576663,"(0.09818771169811431, 0.10115656180615921)",0.38312829525483305,0.014140324051392468,0.9339622641509434,0.9181286549707602,0.034369509054803335,0.09898,0.0031100000000000017,0.032439762177949326,0.01829,-0.0006400000000000017,0.033808769149498236,7.619591371884823e-05
0.10059146788990826,0.004231186694829164,"(0.0990769549308636, 0.10210598084895292)",0.4253075571177504,0.0139214171735818,0.8888888888888888,0.9298245614035088,0.043910070024217006,0.1001,0.004229999999999998,0.04412224887868987,0.01808499999999999,-0.0008450000000000124,0.044638140517697426,-0.00014271096409181928
0.09935420118343197,0.0029939199883528694,"(0.09783536639521183, 0.1008730359716521)",0.40597539543058,0.01419574799823647,0.9411764705882353,0.935672514619883,0.0310700628020351,0.098595,0.002725000000000005,0.028423907374569787,0.018744999999999998,-0.0001850000000000046,0.00977284733227705,0.00013161986056285137
0.09967473837209304,0.003314457177013938,"(0.0981859339895644, 0.10116354275462167)",0.3954305799648506,0.01403891789543594,0.8942307692307693,0.9181286549707602,0.03439650793778713,0.099335,0.0034650000000000097,0.036142693230416294,0.01761,-0.0013200000000000017,0.06973058637084002,-2.5210242237679037e-05
0.09995149390243901,0.003591212707359917,"(0.09847761802567442, 0.1014253697792036)",0.4235500878734622,0.013568734948322265,0.898989898989899,0.9122807017543859,0.03726859929029879,0.09938,0.0035099999999999992,0.036612078856785225,0.017877500000000004,-0.0010524999999999979,0.05559957739038551,-0.0004953931893513543
0.09974495726495727,0.003384676069878176,"(0.09826398367996748, 0.10122593084994706)",0.38312829525483305,0.014107446075880737,0.9905660377358491,0.935672514619883,0.03512521993398898,0.09984,0.003970000000000001,0.04141024303744656,0.018754999999999994,-0.00017500000000000848,0.009244585314316347,4.331793820711721e-05
0.10035716814159291,0.003996886946513817,"(0.09880840106727974, 0.10190593521590609)",0.40421792618629176,0.014497061534679495,0.8725490196078431,0.8947368421052632,0.04147857288234988,0.1003,0.004430000000000003,0.04620840721810789,0.018615000000000007,-0.00031499999999999584,0.016640253565768398,0.000432933397005876
0.09959562857142858,0.003235347376349479,"(0.09809710900731146, 0.1010941481355457)",0.38488576449912126,0.014254095034356443,0.9238095238095239,0.9298245614035088,0.03357552859149088,0.099575,0.003705,0.038646083237717746,0.019445000000000004,0.0005150000000000016,0.027205493924986873,0.00018996689668282322
0.10031053571428572,0.003950254519206622,"(0.09879640325182043, 0.10182466817675101)",0.4094903339191564,0.01410956289490528,0.9405940594059405,0.9239766081871345,0.040994634617238464,0.099485,0.003615000000000007,0.03770731198497974,0.01841749999999999,-0.0005125000000000129,0.027073428420497248,4.543475723165977e-05
0.09965728813559323,0.00329700694051413,"(0.09820344781266044, 0.10111112845852602)",0.37785588752196836,0.01390844814260166,0.9252336448598131,0.9298245614035088,0.034215414272602815,0.09881000000000001,0.002940000000000012,0.030666527589444166,0.017822500000000005,-0.0011074999999999974,0.05850501848917048,-0.00015567999507195944
0.10022109792284867,0.00386081672776957,"(0.0986823971208782, 0.10175979872481913)",0.4077328646748682,0.014359981066542321,0.9509803921568627,0.9122807017543859,0.040066474276402725,0.0997,0.00383,0.039949932199853974,0.01852999999999999,-0.00040000000000001146,0.021130480718436945,0.00029585292886870167
0.10074599397590363,0.00438571278082453,"(0.09920099644984265, 0.1022909915019646)",0.4165202108963093,0.014310600297756165,0.9,0.9298245614035088,0.045513698449527754,0.099925,0.004055000000000003,0.04229686033169921,0.0192325,0.0003024999999999972,0.015979926043317338,0.0002464721600825455
0.09977013966480446,0.0034098584697253576,"(0.0983298135354602, 0.1012104657941487)",0.37082601054481545,0.013857325772726695,0.9351851851851852,0.9298245614035088,0.03538655582399329,0.09901499999999999,0.003144999999999995,0.0328048398873474,0.01918750000000001,0.0002575000000000077,0.013602746962493802,-0.0002068023649469241
0.10007606413994168,0.003715782944862578,"(0.09860583373354262, 0.10154629454634073)",0.39718804920913886,0.01384346280862869,0.912621359223301,0.9298245614035088,0.038561354312987774,0.09916,0.0032900000000000013,0.03431730468342549,0.018975000000000006,4.500000000000337e-05,0.0023771790808242666,-0.0002206653290449303
0.09990461971830984,0.0035443385232307445,"(0.09843423171082889, 0.10137500772579079)",0.37609841827768015,0.014086745986785602,0.9532710280373832,0.9298245614035088,0.036782152140624365,0.09934,0.003470000000000001,0.03619484718890165,0.01781500000000001,-0.001114999999999991,0.058901215002640825,2.2617849111982932e-05
0.10051209090909091,0.004151809714011814,"(0.09899451210256713, 0.1020296697156147)",0.4200351493848858,0.014013917491435293,0.9595959595959596,0.9181286549707602,0.04308631795715264,0.099985,0.0041150000000000075,0.04292270783352464,0.017867499999999994,-0.0010625000000000079,0.05612783940834695,-5.0210646238326925e-05
0.09995509316770188,0.0035948119726227773,"(0.09844501219750129, 0.10146517413790246)",0.43409490333919154,0.013773348666188238,0.9278350515463918,0.9122807017543859,0.03730595145675391,0.099665,0.0037950000000000067,0.039584854490455894,0.0176375,-0.001292500000000002,0.06827786582144753,-0.0002907794714853817
0.09889695652173913,0.0025366753266600345,"(0.09735304943652572, 0.10044086360695255)",0.3936731107205624,0.014579812949834917,0.9230769230769231,0.935672514619883,0.026324905813886072,0.09867,0.002799999999999997,0.029206216751851435,0.01945000000000001,0.0005200000000000066,0.027469624933967592,0.0005156848121612972
0.09973595441595441,0.0033756732208753137,"(0.09824234534625353, 0.10122956348565529)",0.38312829525483305,0.014227809072905745,0.9433962264150944,0.9415204678362573,0.03503179088945728,0.09933,0.0034600000000000047,0.03609053927193079,0.01872500000000002,-0.00020499999999998297,0.010829371368197725,0.0001636809352321255
0.10009026011560694,0.0037299789205278433,"(0.09858985414931037, 0.10159066608190351)",0.39191564147627417,0.014189677353992396,0.9423076923076923,0.9181286549707602,0.03870867617101064,0.09977,0.0039000000000000007,0.04068008761865027,0.019062499999999996,0.00013249999999999373,0.006999471737981707,0.00012554921631877623
0.10007549857549858,0.0037152173804194805,"(0.09860817689119603, 0.10154282025980113)",0.38312829525483305,0.013977400911854544,0.9622641509433962,0.9181286549707602,0.038555485043657266,0.09996,0.004089999999999996,0.04266193804109728,0.01787000000000001,-0.0010599999999999915,0.05599577390385586,-8.672722581907523e-05
0.09992205202312139,0.0035617708280422933,"(0.09845381518429847, 0.10139028886194432)",0.39191564147627417,0.013885446665855916,0.9423076923076923,0.9239766081871345,0.03696305971577203,0.09969,0.003820000000000004,0.039845624282883116,0.017012499999999986,-0.0019175000000000164,0.10129424194400508,-0.00017868147181770294
0.099831408839779,0.003471127644699909,"(0.09843709964818885, 0.10122571803136916)",0.36379613356766255,0.013489840599307091,0.9174311926605505,0.9181286549707602,0.036022390155469694,0.099925,0.004055000000000003,0.04229686033169921,0.017,-0.0019300000000000012,0.10195456946645541,-0.0005742875383665282
0.09942875000000001,0.0030684688049209125,"(0.09793494133817078, 0.10092255866182924)",0.3954305799648506,0.014086106543623366,0.9134615384615384,0.935672514619883,0.031843709533276164,0.09938,0.0035099999999999992,0.036612078856785225,0.01968249999999999,0.0007524999999999893,0.0397517168515578,2.1978405949746663e-05
0.09968265753424657,0.0033223763391674738,"(0.09826638191225098, 0.10109893315624216)",0.3585237258347979,0.013759406265360876,0.9272727272727272,0.9298245614035088,0.034478690783824116,0.09898,0.0031100000000000017,0.032439762177949326,0.01852000000000001,-0.0004099999999999937,0.021658742736396917,-0.0003047218723127437
0.09969215083798884,0.0033318696429097405,"(0.09827685735118706, 0.10110744432479062)",0.37082601054481545,0.013616487621146946,0.9259259259259259,0.9239766081871345,0.03457720963022565,0.09901499999999999,0.003144999999999995,0.0328048398873474,0.017077499999999995,-0.001852500000000007,0.09786053882725868,-0.000447640516526673
0.10010966966966969,0.0037493884745905953,"(0.09857461140303658, 0.1016447279363028)",0.4147627416520211,0.014240092271562055,0.97,0.9239766081871345,0.03891010308490121,0.1,0.004130000000000009,0.043079169708981006,0.017909999999999995,-0.001020000000000007,0.05388272583201304,0.00017596413388843574
0.0995196875,0.0031594063049208976,"(0.09805288129689124, 0.10098649370310875)",0.38137082601054484,0.013992518540839629,0.9433962264150944,0.935672514619883,0.03278743342938938,0.09894,0.0030700000000000033,0.03202253051006575,0.01908,0.00014999999999999736,0.007923930269413489,-7.160959683399047e-05
0.10006310734463277,0.0037028261495536674,"(0.09859366207041084, 0.10153255261885469)",0.37785588752196836,0.014057735964894895,0.9252336448598131,0.9181286549707602,0.03842689232150936,0.09977,0.0039000000000000007,0.04068008761865027,0.019225000000000006,0.0002950000000000036,0.015583729529846992,-6.392172778724517e-06
0.09981988732394366,0.003459606128864562,"(0.09838212188212303, 0.10125765276576429)",0.37609841827768015,0.013774212292579694,0.9532710280373832,0.9064327485380117,0.035902823092231036,0.09905,0.0031800000000000023,0.03316991759674562,0.01859000000000001,-0.0003399999999999931,0.017960908610670526,-0.00028991584509392536
0.09913460273972602,0.002774321544646921,"(0.09767179383425106, 0.10059741164520097)",0.3585237258347979,0.014211486596554858,0.9727272727272728,0.9181286549707602,0.0287911316803899,0.09916,0.0032900000000000013,0.03431730468342549,0.018189999999999998,-0.0007400000000000045,0.039091389329107475,0.00014735845888123877
0.09990175141242938,0.0035414702173502816,"(0.09845990958939006, 0.1013435932354687)",0.37785588752196836,0.013793662143805849,0.9439252336448598,0.9122807017543859,0.03675238566583943,0.099315,0.0034450000000000036,0.03593407739647443,0.017882499999999996,-0.0010475000000000068,0.05533544638140553,-0.0002704659938677703
0.09921020172910662,0.0028499205340275224,"(0.09770136746549073, 0.10071903599272251)",0.39015817223198596,0.014290136669344766,0.9238095238095239,0.9298245614035088,0.029575676810842073,0.09929,0.0034200000000000064,0.035673307604047216,0.018810000000000007,-0.00011999999999999511,0.006339144215530644,0.0002260085316711461
0.09964781437125748,0.0032875331761783866,"(0.09811951641120052, 0.10117611233131445)",0.4130052724077329,0.014198807134316269,0.9405940594059405,0.9239766081871345,0.034117098200687625,0.09890499999999999,0.003034999999999996,0.03165745280066753,0.019949999999999996,0.0010199999999999931,0.053882725832012306,0.00013467899664264954
0.10022819526627218,0.0038679140711930793,"(0.09877710356037159, 0.10167928697217277)",0.40597539543058,0.013562589123623802,0.9215686274509803,0.9298245614035088,0.04014012851791683,0.09986500000000001,0.003995000000000012,0.04167101282987392,0.017865000000000006,-0.0010649999999999965,0.05625990491283658,-0.0005015390140498174
0.1001651304347826,0.003804849239703506,"(0.09866785116127831, 0.1016624097082869)",0.3936731107205624,0.014139485433049735,0.9134615384615384,0.9298245614035088,0.039485659366234924,0.09968,0.003810000000000008,0.03974131636591226,0.01765,-0.0012800000000000034,0.06761753829899647,7.535729537611578e-05
0.09970525993883791,0.003344978743758817,"(0.09814761738062992, 0.1012629024970459)",0.4253075571177504,0.014317864849315609,0.98989898989899,0.9181286549707602,0.03471325220592691,0.09947,0.003600000000000006,0.03755085010952337,0.020110000000000003,0.0011800000000000005,0.06233491811938723,0.0002537367116419893
0.09986699140401147,0.0035067102089323676,"(0.09836841476865177, 0.10136556803937116)",0.3866432337434095,0.014234117236714984,0.9333333333333333,0.9181286549707602,0.03639165603754431,0.09968,0.003810000000000008,0.03974131636591226,0.01894,9.999999999996123e-06,0.0005282620179607037,0.00016998909904136425
0.09940777777777778,0.0030474965826986777,"(0.09792353175704115, 0.1008920237985144)",0.36731107205623903,0.014319981192139793,0.9259259259259259,0.9298245614035088,0.03162606568705516,0.09901499999999999,0.003144999999999995,0.0328048398873474,0.01878500000000001,-0.00014499999999999236,0.00765979926043277,0.0002558530544661732
0.09966355623100304,0.003303275035923939,"(0.09812534647619388, 0.1012017659858122)",0.421792618629174,0.014182733914097042,0.898989898989899,0.9298245614035088,0.03428046281056961,0.09855,0.002680000000000002,0.02795452174820071,0.01922,0.0002899999999999986,0.015319598520866274,0.00011860577642342288
0.0995504081632653,0.0031901269681861993,"(0.0980163396434589, 0.10108447668307169)",0.39718804920913886,0.01444455264113452,0.9611650485436893,0.9239766081871345,0.03310624386543521,0.09883,0.0029600000000000043,0.03087514342338588,0.018225000000000005,-0.0007049999999999973,0.03724247226624391,0.00038042450346090044
0.09993829192546586,0.0035780107303867575,"(0.0983498149460998, 0.10152676890483191)",0.43409490333919154,0.014488393481387899,0.9278350515463918,0.9181286549707602,0.03713159287220385,0.09911,0.0032400000000000068,0.03379576509857105,0.018332499999999988,-0.0005975000000000147,0.03156365557316506,0.0004242653437142793
0.10029727554179567,0.003936994346716571,"(0.0987388570859905, 0.10185569399760083)",0.43233743409490333,0.014236453668353301,0.8969072164948454,0.9415204678362573,0.040857024262374454,0.0997,0.00383,0.039949932199853974,0.018515000000000004,-0.0004149999999999987,0.021922873745377637,0.0001723255306796817
0.09938498575498575,0.003024704559906652,"(0.09787718422620564, 0.10089278728376586)",0.38312829525483305,0.014363003483645928,0.9339622641509434,0.9298245614035088,0.03138953646039294,0.0988,0.002930000000000002,0.030562219672473162,0.01748999999999999,-0.0014400000000000107,0.0760697305863714,0.0002988753459723086
0.0991650700280112,0.002804788832932101,"(0.09768476126114481, 0.10064537879487759)",0.37258347978910367,0.014221956431104278,0.9074074074074074,0.9181286549707602,0.029107312661882673,0.09867,0.002799999999999997,0.029206216751851435,0.019949999999999996,0.0010199999999999931,0.053882725832012306,0.00015782829343065873
0.09966735849056603,0.003307077295486932,"(0.09807811135831929, 0.10125660562281277)",0.44112478031634444,0.01440441511148185,0.9583333333333334,0.9239766081871345,0.03431992159499652,0.0994,0.0035300000000000054,0.03682069469072708,0.019464999999999996,0.0005349999999999938,0.02826201796090828,0.00034028697380823064
0.09952924418604653,0.0031689629909674305,"(0.09802972703732919, 0.10102876133476386)",0.3954305799648506,0.01413993562934453,0.9711538461538461,0.9181286549707602,0.03288661003958613,0.099335,0.0034650000000000097,0.036142693230416294,0.01825750000000001,-0.0006724999999999925,0.03552562070787071,7.580749167091123e-05
0.09903048710601718,0.002670205910938084,"(0.0975295483918785, 0.10053142582015587)",0.3866432337434095,0.014256553263988544,0.9333333333333333,0.9298245614035088,0.027710648804898312,0.09882,0.002950000000000008,0.030770835506415024,0.019489999999999993,0.0005599999999999911,0.029582673005810405,0.00019242512631492507
0.09946866043613709,0.0031083792410579875,"(0.09790576438370167, 0.1010315564885725)",0.4358523725834798,0.01423275080184646,0.9072164948453608,0.9181286549707602,0.03225788885739289,0.09832,0.0024500000000000077,0.025555439657870115,0.01945000000000001,0.0005200000000000066,0.027469624933967592,0.0001686226641728402
0.10039122807017543,0.004030946875096336,"(0.09895930299939032, 0.10182315314096055)",0.3989455184534271,0.013462976916753142,0.941747572815534,0.9298245614035088,0.04183203727826178,0.09986500000000001,0.003995000000000012,0.04167101282987392,0.018375000000000002,-0.0005549999999999999,0.02931854199683042,-0.0006011512209204775
0.09948972891566264,0.0031294477205835447,"(0.09789905406737745, 0.10108040376394783)",0.4165202108963093,0.014733688289805622,0.94,0.9181286549707602,0.03247653163493838,0.099495,0.0036250000000000032,0.037811619901950595,0.01824250000000001,-0.0006874999999999937,0.03631801373481213,0.0006695601521320028
0.10026808259587022,0.003907801400791125,"(0.09876918694998099, 0.10176697824175945)",0.40421792618629176,0.014030245588837658,0.9215686274509803,0.9298245614035088,0.040554068048845496,0.09989,0.00402000000000001,0.041931782622301135,0.01808,-0.0008500000000000035,0.04490227152667741,-3.3882548835961757e-05
0.09971652542372882,0.0033562442286497185,"(0.09821292367436685, 0.10122012717309078)",0.37785588752196836,0.014384500572896036,0.9252336448598131,0.9181286549707602,0.03483016225175892,0.09922500000000001,0.0033550000000000108,0.03499530614373642,0.01803500000000001,-0.000894999999999993,0.047279450607500946,0.00032037243522241646
0.09993994047619047,0.0035796592811113692,"(0.09844671304866688, 0.10143316790371405)",0.4094903339191564,0.013914757676311729,0.9306930693069307,0.9181286549707602,0.0371487010697326,0.09968,0.003810000000000008,0.03974131636591226,0.0189275,-2.5000000000025002e-06,0.0001320655044903592,-0.00014937046136189076
0.09953922190201729,0.0031789407069381936,"(0.09806043363871385, 0.10101801016532073)",0.39015817223198596,0.01400557165038562,0.9428571428571428,0.9415204678362573,0.032990155980372284,0.09965,0.0037800000000000056,0.03942839261499954,0.01920000000000001,0.00027000000000000635,0.014263074484944866,-5.855648728799942e-05
0.09978117302052786,0.0034208918254487602,"(0.09824360666466625, 0.10131873937638947)",0.4007029876977153,0.014434916056602212,0.9223300970873787,0.9239766081871345,0.03550105689836299,0.09984,0.003970000000000001,0.04141024303744656,0.01852000000000001,-0.0004099999999999937,0.021658742736396917,0.0003707879189285921
0.09982558208955224,0.003465300894473139,"(0.09837871901122065, 0.10127244516788382)",0.4112478031634446,0.013462483183927197,0.9603960396039604,0.9122807017543859,0.0359619217741563,0.09947,0.003600000000000006,0.03755085010952337,0.01772,-0.0012100000000000027,0.06391970417327007,-0.0006016449537464223
0.10029261904761903,0.0039323378525399355,"(0.09879715444115911, 0.10178808365407896)",0.4094903339191564,0.013935605004859207,0.900990099009901,0.935672514619883,0.04080870047046678,0.099665,0.0037950000000000067,0.039584854490455894,0.017619999999999997,-0.0013100000000000056,0.06920232435287932,-0.00012852313281441242
0.10057526315789474,0.004214981962815639,"(0.09913030124127563, 0.10202022507451385)",0.3989455184534271,0.013585549499712449,0.9223300970873787,0.9239766081871345,0.043741901855625646,0.10014999999999999,0.004279999999999992,0.044643788463544304,0.01784749999999999,-0.001082500000000014,0.05718436344426909,-0.00047857863796117034
0.09996414705882352,0.003603865863744421,"(0.09848796066865767, 0.10144033344898937)",0.4024604569420035,0.013838189862853262,0.9705882352941176,0.9181286549707602,0.03739991020209333,0.099665,0.0037950000000000067,0.039584854490455894,0.017847500000000002,-0.0010825000000000001,0.05718436344426836,-0.00022593827482035762
0.0999400289017341,0.0035797477066550065,"(0.09845094453811462, 0.10142911326535359)",0.39191564147627417,0.014082606406044588,0.9134615384615384,0.9298245614035088,0.037149618725249384,0.09942000000000001,0.0035500000000000115,0.03702931052466894,0.01840749999999998,-0.000522500000000023,0.027601690438458684,1.84782683709684e-05
0.09927891975308642,0.002918638558007322,"(0.09778871388073528, 0.10076912562543756)",0.4305799648506151,0.013634534749625369,0.9489795918367347,0.9298245614035088,0.030288813210274965,0.099575,0.003705,0.038646083237717746,0.01905750000000002,0.0001275000000000165,0.006735340729002455,-0.00042959338804825047
0.09932735905044511,0.0029670778553660127,"(0.09783898766329474, 0.10081573043759548)",0.4077328646748682,0.013890279976517976,0.9019607843137255,0.9239766081871345,0.0307915026665316,0.09883,0.0029600000000000043,0.03087514342338588,0.018240000000000006,-0.0006899999999999962,0.036450079239302484,-0.0001738481611556434
0.1008957142857143,0.004535433090635199,"(0.09938134121617168, 0.10241008735525692)",0.44639718804920914,0.01366038329262934,0.9052631578947369,0.9239766081871345,0.04706745387607704,0.1005,0.004630000000000009,0.04829456555752591,0.018015000000000003,-0.0009149999999999991,0.04833597464342309,-0.00040374484504427863
0.10016160237388724,0.0038013211788081452,"(0.0986402637299271, 0.10168294101784739)",0.4077328646748682,0.014197948096920607,0.9215686274509803,0.9181286549707602,0.03944904613875567,0.09934,0.003470000000000001,0.03619484718890165,0.017640000000000003,-0.0012899999999999995,0.06814580031695718,0.0001338199592469877
0.09895274626865672,0.0025924650735776184,"(0.09745855226905352, 0.10044694026825991)",0.4112478031634446,0.013902878506222406,0.9702970297029703,0.935672514619883,0.026903876176214498,0.09831,0.0024399999999999977,0.02545113174089911,0.018534999999999996,-0.00039500000000000646,0.02086634970945623,-0.00016124963145121296
0.09962821958456972,0.0032679383894906183,"(0.09814991206883661, 0.10110652710030282)",0.4077328646748682,0.013796358531346182,0.9411764705882353,0.9239766081871345,0.03391374899451315,0.09906,0.0031899999999999984,0.03327422551371648,0.017229999999999995,-0.001700000000000007,0.08980454305335482,-0.0002677696063274372
0.10055617834394905,0.004195897148869948,"(0.09895844758243429, 0.1021539091054638)",0.44815465729349735,0.014389237570915463,0.9578947368421052,0.9181286549707602,0.04354384500368418,0.10025,0.004380000000000009,0.045686867633253456,0.018630000000000008,-0.0002999999999999947,0.015847860538826978,0.00032510943324184395
0.10034774096385542,0.003987459768776319,"(0.09881523370250657, 0.10188024822520426)",0.4165202108963093,0.014194908730039363,0.95,0.9122807017543859,0.04138074027309864,0.09989999999999999,0.004029999999999992,0.04203609053927185,0.018827499999999997,-0.00010250000000000536,0.005414685684099596,0.00013078059236574374
0.09991264957264956,0.003552368377570461,"(0.09843813883380015, 0.10138716031149897)",0.38312829525483305,0.014045882348920161,0.9528301886792453,0.9298245614035088,0.03686548371915578,0.09934,0.003470000000000001,0.03619484718890165,0.017970000000000014,-0.0009599999999999886,0.05071315372424662,-1.8245788753458447e-05
0.09924597222222221,0.002885691027143117,"(0.09780846034250436, 0.10068348410194007)",0.36731107205623903,0.013869090968369911,0.9537037037037037,0.9239766081871345,0.02994689296621192,0.09890499999999999,0.003034999999999996,0.03165745280066753,0.0182625,-0.0006675000000000014,0.03526148969889072,-0.00019503716930370854
0.09968608823529412,0.003325807040215026,"(0.0981622688034169, 0.10120990766717135)",0.4024604569420035,0.014284715504424268,0.9411764705882353,0.9239766081871345,0.03451429363808112,0.099665,0.0037950000000000067,0.039584854490455894,0.019157500000000008,0.00022750000000000548,0.012017960908610958,0.00022058736675064847
0.10014705167173252,0.00378677047665342,"(0.09858128235459507, 0.10171282098886997)",0.421792618629174,0.014436840961636662,0.9292929292929293,0.9239766081871345,0.03929804302861252,0.09997,0.004100000000000006,0.042766245958068286,0.018210000000000004,-0.0007199999999999984,0.03803486529318533,0.00037271282396304263
0.10020221902017291,0.0038419378250938163,"(0.0987027726430584, 0.10170166539728742)",0.39015817223198596,0.014201224199382955,0.9333333333333333,0.9298245614035088,0.03987055431392842,0.1003,0.004430000000000003,0.04620840721810789,0.018095,-0.0008350000000000024,0.044109878499735994,0.0001370960617093353
0.09949991124260356,0.003139630047524461,"(0.09795814151898209, 0.10104168096622503)",0.40597539543058,0.014410108747567723,0.9607843137254902,0.935672514619883,0.03258220097104485,0.0992,0.0033299999999999996,0.03473453635130906,0.019642499999999993,0.0007124999999999909,0.03763866877971425,0.0003459806098941032
0.09997516819571865,0.003614887000639555,"(0.09841007424506229, 0.10154026214637502)",0.4253075571177504,0.014386358117846791,0.898989898989899,0.9298245614035088,0.03751428447288673,0.09947,0.003600000000000006,0.03755085010952337,0.01894,9.999999999996123e-06,0.0005282620179607037,0.00032222998017317206
0.09960845714285714,0.0032481759477780425,"(0.09809637291019388, 0.1011205413755204)",0.38488576449912126,0.014383123763240808,0.9142857142857143,0.9239766081871345,0.03370865991146484,0.09968,0.003810000000000008,0.03974131636591226,0.01963000000000001,0.0007000000000000062,0.03697834125726392,0.00031899562556718906
0.09997980501392757,0.0036195238188484746,"(0.09853836863993187, 0.10142124138792327)",0.36906854130052724,0.013887494564144275,0.9722222222222222,0.9415204678362573,0.03756240407311426,0.09933,0.0034600000000000047,0.03609053927193079,0.01773000000000001,-0.0011999999999999927,0.06339144215530865,-0.0001766335735293445
0.09950002985074627,0.003139748655667171,"(0.09795445844308479, 0.10104560125840775)",0.4112478031634446,0.014380924772228505,0.9306930693069307,0.9005847953216374,0.032583431853118246,0.09929,0.0034200000000000064,0.035673307604047216,0.019095,0.00016499999999999848,0.008716323296354911,0.00031679663455488546
0.10000636363636363,0.0036460824412845316,"(0.09845272376453336, 0.1015600035081939)",0.4200351493848858,0.01434691950206293,0.8585858585858586,0.9239766081871345,0.037838022015555604,0.09968,0.003810000000000008,0.03974131636591226,0.01840249999999999,-0.0005275000000000141,0.02786582144743867,0.0002827913643893114
0.09955201219512194,0.003191731000042844,"(0.09798991738833, 0.10111410700191388)",0.4235500878734622,0.014380892401901912,0.9494949494949495,0.935672514619883,0.03312289005862551,0.099175,0.0033050000000000024,0.034473766558881846,0.019955,0.0010249999999999981,0.054146856840993025,0.00031676426422829265
0.09997445747800587,0.003614176282926776,"(0.09848935182925965, 0.1014595631267521)",0.4007029876977153,0.013942406643532806,0.9611650485436893,0.9239766081871345,0.037506908843592535,0.09984,0.003970000000000001,0.04141024303744656,0.017049999999999996,-0.0018800000000000067,0.09931325937665116,-0.00012172149414081332
0.09984608433734939,0.0034858031422702884,"(0.09835205153780412, 0.10134011713689466)",0.4165202108963093,0.013838537515681567,0.93,0.935672514619883,0.0361746883574713,0.09919,0.0033200000000000035,0.0346302284343382,0.01807750000000001,-0.0008524999999999922,0.04503433703116704,-0.00022559062199205282
0.10089716510903428,0.004536883913955181,"(0.0993512334782748, 0.10244309673979375)",0.4358523725834798,0.014078261713570281,0.9484536082474226,0.9122807017543859,0.047082510113999845,0.1008,0.004930000000000004,0.0514238030666528,0.018140000000000003,-0.000789999999999999,0.04173269941891172,1.4133575896661463e-05
0.0999573623188406,0.003597081123761503,"(0.09843175909326411, 0.10148296554441709)",0.3936731107205624,0.014406961324032928,0.9519230769230769,0.9239766081871345,0.03732950007150039,0.09947,0.003600000000000006,0.03755085010952337,0.018809999999999993,-0.00012000000000000899,0.006339144215531377,0.0003428331863593089
0.1003592088607595,0.003998927665680399,"(0.0988025508589858, 0.10191586686253319)",0.4446397188049209,0.014064257670298713,0.9052631578947369,0.9239766081871345,0.041499750894091574,0.099985,0.0041150000000000075,0.04292270783352464,0.018379999999999994,-0.0005500000000000088,0.029054410987850436,1.2953262509309005e-07
0.10046441441441442,0.004104133219335324,"(0.09895004485379479, 0.10197878397503406)",0.4147627416520211,0.01404817181550197,0.94,0.9415204678362573,0.04259154465340967,0.1001,0.004229999999999998,0.04412224887868987,0.01852999999999999,-0.00040000000000001146,0.021130480718436945,-1.595632217164973e-05
0.09988973988439306,0.0035294586893139662,"(0.09839551199933322, 0.10138396776945291)",0.39191564147627417,0.014131249847447475,0.9615384615384616,0.9122807017543859,0.036627733393270835,0.09968,0.003810000000000008,0.03974131636591226,0.018762499999999988,-0.00016750000000001486,0.008848388800846003,6.712170977385586e-05
0.09896644776119402,0.002606166566114926,"(0.0974589058292611, 0.10047398969312694)",0.4112478031634446,0.014027075686467216,0.9405940594059405,0.9239766081871345,0.0270460664268798,0.09832,0.0024500000000000077,0.025555439657870115,0.019615000000000007,0.000685000000000005,0.0361859482303225,-3.705245120640306e-05
0.09889622159090909,0.002535940395829994,"(0.09737419172331575, 0.10041825145850243)",0.38137082601054484,0.014519321705126875,0.9433962264150944,0.9181286549707602,0.02631727890764498,0.098315,0.0024450000000000027,0.025503285699384613,0.018152500000000002,-0.0007775000000000004,0.04107237189646066,0.00045519356745325583
0.1000740509915014,0.0037137697964223088,"(0.0986125997483181, 0.10153550223468472)",0.37961335676625657,0.013961361545827168,0.9339622641509434,0.9298245614035088,0.03854046242251898,0.09968,0.003810000000000008,0.03974131636591226,0.01791000000000001,-0.0010199999999999931,0.053882725832012306,-0.00010276659184645098
0.09942909356725146,0.0030688123721723665,"(0.0979161882745549, 0.10094199885994803)",0.3989455184534271,0.014224353947263332,0.9805825242718447,0.9298245614035088,0.031847274977951014,0.099195,0.0033250000000000085,0.0346823823928237,0.017714999999999995,-0.0012150000000000077,0.06418383518225079,0.00016022580958971293
0.10041552715654953,0.00405524596147043,"(0.09881409655772799, 0.10201695775537106)",0.44991212653778556,0.014399395168256196,0.9361702127659575,0.9298245614035088,0.042084206388529326,0.1,0.004130000000000009,0.043079169708981006,0.01883,-0.00010000000000000286,0.005282620179609236,0.0003352670305825766
0.1002878488372093,0.003927567642130203,"(0.09885769309751492, 0.10171800457690368)",0.3954305799648506,0.013485881182828756,0.9711538461538461,0.9181286549707602,0.04075919656335306,0.09956000000000001,0.0036900000000000127,0.03848962136226153,0.01695999999999999,-0.0019700000000000134,0.1040676175382997,-0.0005782469548448639
0.0994754054054054,0.003115124210326309,"(0.09789688537448445, 0.10105392543632637)",0.4147627416520211,0.014643268846156382,0.88,0.9298245614035088,0.03232788625865271,0.09916,0.0032900000000000013,0.03431730468342549,0.01855000000000001,-0.00037999999999999146,0.020073956682514073,0.0005791407084827626
0.10112314371257486,0.004762862517495761,"(0.09963006407408297, 0.10261622335106675)",0.4130052724077329,0.013871607747438803,0.9108910891089109,0.9239766081871345,0.04942765274681442,0.1003,0.004430000000000003,0.04620840721810789,0.016465000000000007,-0.002464999999999995,0.1302165874273637,-0.00019252039023481653
0.09977799999999999,0.003417718804920894,"(0.098211013859159, 0.10134498614084099)",0.4112478031634446,0.014580180313153602,0.9108910891089109,0.9298245614035088,0.035468128180342305,0.09984,0.003970000000000001,0.04141024303744656,0.019529999999999992,0.0005999999999999894,0.031695721077653956,0.0005160521754799825
0.10080237654320988,0.004442095348130781,"(0.0991850137157145, 0.10241973937070525)",0.4305799648506151,0.014797948446845096,0.9897959183673469,0.9239766081871345,0.04609882093575324,0.1007,0.004830000000000001,0.05038072389694379,0.01912499999999999,0.00019499999999998685,0.010301109350237023,0.0007338203091714762
0.09980292899408284,0.003442647799003745,"(0.0983335457572594, 0.10127231223090628)",0.40597539543058,0.013733550419412295,0.9411764705882353,0.9239766081871345,0.03572683429632367,0.09877,0.0029,0.030249295921560445,0.018635,-0.0002950000000000036,0.015583729529846992,-0.000330577718261324
0.0990801142857143,0.0027198330906351986,"(0.09753711952368536, 0.10062310904774323)",0.38488576449912126,0.014677148368385087,0.9333333333333333,0.9239766081871345,0.028225665771242005,0.098315,0.0024450000000000027,0.025503285699384613,0.019909999999999997,0.0009799999999999948,0.05176967776016876,0.0006130202307114679
0.09996710447761194,0.0036068232825328395,"(0.0984262166119296, 0.10150799234329427)",0.4112478031634446,0.014337346284339919,0.9603960396039604,0.9298245614035088,0.03743060146566936,0.0995,0.0036300000000000082,0.037863773860436094,0.018975000000000006,4.500000000000337e-05,0.0023771790808242666,0.0002732181466662993
0.09988637982195846,0.0035260986268793593,"(0.09834609162326362, 0.1014266680206533)",0.4077328646748682,0.014374795504071608,0.9313725490196079,0.9181286549707602,0.03659286360674743,0.0997,0.00383,0.039949932199853974,0.018170000000000006,-0.0007599999999999968,0.04014791336502888,0.0003106673663979889
0.09896598820058997,0.0026057070055108683,"(0.09747944134009474, 0.10045253506108519)",0.40421792618629176,0.013914656159862437,0.9803921568627451,0.9181286549707602,0.027041297235690674,0.09831,0.0024399999999999977,0.02545113174089911,0.019015000000000018,8.500000000001562e-05,0.004490227152668547,-0.0001494719778111827
0.09972036827195467,0.003360087076875573,"(0.09824226143275129, 0.10119847511115805)",0.37961335676625657,0.014120473797352472,0.9245283018867925,0.9239766081871345,0.034870042253956866,0.09965,0.0037800000000000056,0.03942839261499954,0.01963999999999999,0.0007099999999999884,0.03750660327522389,5.634565967885252e-05
0.10056874617737004,0.004208464982290938,"(0.09912397808009552, 0.10201351427464456)",0.4253075571177504,0.013280321756987621,0.9696969696969697,0.935672514619883,0.04367427045766918,0.09996,0.004089999999999996,0.04266193804109728,0.018545000000000006,-0.00038499999999999646,0.020338087691494793,-0.0007838063806859981
0.09967592920353982,0.0033156480084607226,"(0.09817606045858217, 0.10117579794849747)",0.40421792618629176,0.014039354174181558,0.9411764705882353,0.935672514619883,0.03440886605289447,0.09905,0.0031800000000000023,0.03316991759674562,0.01873000000000001,-0.00019999999999999185,0.01056524035921774,-2.4773963492060944e-05
0.10010089855072464,0.0037406173556455424,"(0.09861388238415553, 0.10158791471729375)",0.3936731107205624,0.01404256627202496,0.9423076923076923,0.9181286549707602,0.03881907886998328,0.1,0.004130000000000009,0.043079169708981006,0.01962,0.0006899999999999962,0.036450079239302484,-2.1561865648660195e-05
0.09945445747800588,0.0030941762829267833,"(0.09800329594696082, 0.10090561900905094)",0.4007029876977153,0.013623733899580135,0.912621359223301,0.935672514619883,0.03211049453729485,0.09879,0.002920000000000006,0.030457911755502304,0.01822,-0.0007100000000000023,0.03750660327522463,-0.00044039423809348437
0.09983172910662824,0.0034714479115491442,"(0.09841444600333718, 0.1012490122099193)",0.39015817223198596,0.013423057610480033,0.9333333333333333,0.9239766081871345,0.036025713795098634,0.09947,0.003600000000000006,0.03755085010952337,0.017354999999999995,-0.001575000000000007,0.08320126782884346,-0.0006410705271935862
0.09984347578347579,0.0034831945883966875,"(0.09836937760939228, 0.10131757395755929)",0.38312829525483305,0.01404195234284384,0.9150943396226415,0.9239766081871345,0.036147617516236207,0.09929,0.0034200000000000064,0.035673307604047216,0.019005000000000008,7.500000000000562e-05,0.0039619651347071105,-2.2175794829779397e-05
0.10060687898089173,0.004246597785812628,"(0.09903352383991437, 0.10218023412186908)",0.44815465729349735,0.014169709598305942,0.9578947368421052,0.935672514619883,0.04407000200856089,0.10005,0.004180000000000003,0.04360070929383544,0.01798749999999999,-0.0009425000000000128,0.049788695192816305,0.00010558146063232264
0.0996967816091954,0.003336500414116303,"(0.09824057771337306, 0.10115298550501774)",0.3884007029876977,0.013811673736330939,0.9714285714285714,0.9122807017543859,0.03462526647635697,0.09922500000000001,0.0033550000000000108,0.03499530614373642,0.017807500000000004,-0.0011224999999999985,0.059297411516111904,-0.0002524544013426805
0.09963592814371257,0.0032756469486334705,"(0.09807145762253462, 0.10120039866489051)",0.4130052724077329,0.014534871980527267,0.9108910891089109,0.9181286549707602,0.03399374626151205,0.099335,0.0034650000000000097,0.036142693230416294,0.02006999999999999,0.0011399999999999882,0.06022187004754295,0.00047074384285364715
0.10029764705882352,0.0039373658637444214,"(0.0987885973770576, 0.10180669674058944)",0.4024604569420035,0.014146259678229953,0.9411764705882353,0.9298245614035088,0.040860879761997766,0.09986500000000001,0.003995000000000012,0.04167101282987392,0.018342499999999998,-0.0005875000000000047,0.031035393555203624,8.213154055633325e-05
0.1007130120481928,0.004352730853113704,"(0.09922535166619581, 0.10220067243018979)",0.4165202108963093,0.013779512747728385,0.97,0.9122807017543859,0.045171421244627794,0.09977,0.0039000000000000007,0.04068008761865027,0.017705,-0.0012250000000000039,0.0647120972002115,-0.0002846153899452343
0.09931648571428574,0.00295620451920664,"(0.09782131241807514, 0.10081165901049634)",0.38488576449912126,0.014222264938912928,0.8952380952380953,0.9239766081871345,0.030678662230363092,0.09876499999999999,0.002894999999999995,0.030197141963074943,0.019397499999999998,0.0004674999999999957,0.02469624933967225,0.00015813680123930897
0.10020703927492448,0.003846758079845386,"(0.09873181192030202, 0.10168226662954695)",0.4182776801405975,0.01364360526183886,0.95,0.9181286549707602,0.039920577567200285,0.09984,0.003970000000000001,0.04141024303744656,0.017434999999999992,-0.0014950000000000102,0.07897517168515637,-0.0004205228758347602
0.09880568245125347,0.002445401256174373,"(0.09735477184521418, 0.10025659305729276)",0.36906854130052724,0.013978773893831275,0.9351851851851852,0.9239766081871345,0.025377689083572894,0.09874,0.0028699999999999976,0.029936372170647728,0.018095,-0.0008350000000000024,0.044109878499735994,-8.535424384234491e-05
0.09965186246418338,0.0032915812691042823,"(0.09819351115516017, 0.10111021377320659)",0.3866432337434095,0.013852040005928988,0.9142857142857143,0.9473684210526315,0.0341591081748771,0.0995,0.0036300000000000082,0.037863773860436094,0.01872,-0.00021000000000000185,0.011093502377179177,-0.00021208813174463173
0.10016219584569733,0.0038019146506182294,"(0.09862101279124214, 0.10170337890015252)",0.4077328646748682,0.014383146777925192,0.9607843137254902,0.9239766081871345,0.03945520502292167,0.1001,0.004229999999999998,0.04412224887868987,0.018419999999999992,-0.0005100000000000104,0.02694136291600689,0.000319018640251573
0.10001291316526612,0.0036526319701870175,"(0.09855396606988666, 0.10147186026064557)",0.37258347978910367,0.014016725760326174,0.9074074074074074,0.9239766081871345,0.03790599119145731,0.09968,0.003810000000000008,0.03974131636591226,0.017519999999999994,-0.0014100000000000085,0.07448494453248855,-4.7402377347445165e-05
0.09998251461988304,0.0036222334248039445,"(0.09848480539163774, 0.10148022384812834)",0.3989455184534271,0.014081480364624893,0.970873786407767,0.9298245614035088,0.037590523604542195,0.09968,0.003810000000000008,0.03974131636591226,0.018799999999999997,-0.0001300000000000051,0.006867406233492081,1.735222695127374e-05
0.09966591715976332,0.0033056359646842226,"(0.09813815628435181, 0.10119367803517483)",0.40597539543058,0.014279175429160372,0.9019607843137255,0.9064327485380117,0.034304963867758345,0.098695,0.002825000000000008,0.029466986544278796,0.018347500000000003,-0.0005824999999999997,0.030771262546222904,0.0002150472914867526
0.10028620795107034,0.003925926755991238,"(0.09878415997917851, 0.10178825592296216)",0.4253075571177504,0.013806838896003024,0.9393939393939394,0.9239766081871345,0.04074216790674669,0.09997,0.004100000000000006,0.042766245958068286,0.018234999999999987,-0.000695000000000015,0.03671421024828394,-0.0002572892416705958
0.0996916814159292,0.0033314002208501003,"(0.09817422591974126, 0.10120913691211714)",0.40421792618629176,0.01420397299841224,0.9607843137254902,0.9473684210526315,0.03457233809961347,0.09898,0.0031100000000000017,0.032439762177949326,0.018324999999999994,-0.0006050000000000083,0.031959852086635404,0.00013984486073862108
0.09957425287356322,0.003213971678484126,"(0.09807360406350589, 0.10107490168362056)",0.3884007029876977,0.014233220922418108,0.9428571428571428,0.9064327485380117,0.03335369758809147,0.09977,0.0039000000000000007,0.04068008761865027,0.018377500000000005,-0.0005524999999999974,0.02918647649234006,0.00016909278474448904
0.10014972891566265,0.0037894477205835525,"(0.09859535390614488, 0.10170410392518042)",0.4165202108963093,0.014397459606774668,0.95,0.9239766081871345,0.039325826716008705,0.09968,0.003810000000000008,0.03974131636591226,0.01805749999999999,-0.0008725000000000122,0.046090861067089914,0.0003333314691010489
0.09981494047619047,0.003454659281111369,"(0.09830377476658037, 0.10132610618580057)",0.4094903339191564,0.014081916974193823,0.9108910891089109,0.9298245614035088,0.035851486092257176,0.099795,0.003924999999999998,0.04094085741107748,0.017750000000000002,-0.0011800000000000005,0.06233491811938723,1.7788836520203286e-05
0.10088768025078369,0.004527399055704595,"(0.09935216991471223, 0.10242319058685516)",0.43936731107205623,0.013939395857281347,0.9375,0.9415204678362573,0.04698407891254472,0.1001,0.004229999999999998,0.04412224887868987,0.018739999999999993,-0.0001900000000000096,0.01003697834125777,-0.00012473228039227256
0.09903028328611897,0.0026700020910398747,"(0.09752304281013065, 0.1005375237621073)",0.37961335676625657,0.01439878977826303,0.9245283018867925,0.935672514619883,0.027708533619100997,0.09823,0.002360000000000001,0.02461666840513196,0.02006000000000001,0.001130000000000006,0.059693608029582984,0.00033466164058941136
0.09993683908045976,0.0035765578853806657,"(0.09844072661020423, 0.1014329515507153)",0.3884007029876977,0.014190195048445781,0.9619047619047619,0.9298245614035088,0.037116515653789026,0.09942000000000001,0.0035500000000000115,0.03702931052466894,0.018845,-8.500000000000174e-05,0.0044902271526678144,0.00012606691077216188
0.10055514450867052,0.004194863313591424,"(0.09905896706152531, 0.10205132195581573)",0.39191564147627417,0.014149687295441086,0.9326923076923077,0.9239766081871345,0.04353311615082383,0.10045000000000001,0.004580000000000015,0.04777302597267148,0.018022499999999997,-0.0009075000000000055,0.047939778129952745,8.555915776746643e-05
0.09893408045977013,0.0025737992646910346,"(0.09746617098848125, 0.10040198993105902)",0.3884007029876977,0.013922697741763022,0.9428571428571428,0.935672514619883,0.026710167641379536,0.09881000000000001,0.002940000000000012,0.030666527589444166,0.018015000000000003,-0.0009149999999999991,0.04833597464342309,-0.0001414303959105974
0.10068421364985163,0.004323932454772528,"(0.0991812670438394, 0.10218716025586386)",0.4077328646748682,0.014026303735411815,0.9607843137254902,0.9298245614035088,0.04487255953538397,0.1,0.004130000000000009,0.043079169708981006,0.01833,-0.0006000000000000033,0.031695721077654684,-3.7824402261804266e-05
0.09912786703601109,0.0027675858409319937,"(0.09772733236368085, 0.10052840170834133)",0.3655536028119508,0.013531216732842629,0.926605504587156,0.9239766081871345,0.028721230434447177,0.09874,0.0028699999999999976,0.029936372170647728,0.017470000000000013,-0.001459999999999989,0.07712625462229207,-0.0005329114048309904
0.1003334153846154,0.0039731341895363065,"(0.09880268155230613, 0.10186414921692467)",0.4288224956063269,0.014027101843882487,0.9183673469387755,0.9239766081871345,0.041232073425489395,0.09989,0.00402000000000001,0.041931782622301135,0.01661,-0.0023200000000000026,0.12255678816693093,-3.7026293791132814e-05
0.10000883008356547,0.0036485488884863693,"(0.09855935202773579, 0.10145830813939515)",0.36906854130052724,0.013964972012868832,0.9722222222222222,0.9298245614035088,0.037863618113566616,0.09933,0.0034600000000000047,0.03609053927193079,0.01747499999999999,-0.0014550000000000118,0.07686212361331282,-9.915612480478758e-05
0.09959618343195267,0.003235902236873575,"(0.09808011084563033, 0.10111225601827502)",0.40597539543058,0.014169931153399049,0.9411764705882353,0.9239766081871345,0.03358128677854902,0.099665,0.0037950000000000067,0.039584854490455894,0.0189125,-1.7500000000003624e-05,0.0009244585314317814,0.00010580301572542944
0.09981868194842407,0.00345840075334497,"(0.09833848241640263, 0.10129888148044551)",0.3866432337434095,0.014059563705573557,0.9619047619047619,0.9298245614035088,0.03589031404281106,0.09984,0.003970000000000001,0.04141024303744656,0.017129999999999992,-0.00180000000000001,0.09508716323296407,-4.564432100062632e-06
0.09973616071428572,0.0033758795192066204,"(0.0982481420990687, 0.10122417932950274)",0.4094903339191564,0.013866218947588129,0.9504950495049505,0.935672514619883,0.035033931795738875,0.09899,0.0031199999999999978,0.032544070094920184,0.017479999999999996,-0.0014500000000000068,0.0765979926043321,-0.00019790919008549034
0.09938931343283582,0.003029032237756718,"(0.0978067398822832, 0.10097188698338844)",0.4112478031634446,0.014725214936171079,0.9702970297029703,0.9122807017543859,0.0314344478885913,0.09947,0.003600000000000006,0.03755085010952337,0.020184999999999995,0.0012549999999999922,0.06629688325409361,0.0006610867984974591
0.09968215339233039,0.0033218721972512882,"(0.09822927111763607, 0.1011350356670247)",0.40421792618629176,0.013599542557572212,0.9803921568627451,0.9239766081871345,0.03447345894026852,0.09906,0.0031899999999999984,0.03327422551371648,0.017775,-0.0011550000000000032,0.06101426307448511,-0.0004645855801014079
0.10035115606936416,0.003990874874285066,"(0.09889566269414196, 0.10180664944458637)",0.39191564147627417,0.013764928858723414,0.9423076923076923,0.9298245614035088,0.041416181281223485,0.099665,0.0037950000000000067,0.039584854490455894,0.017952499999999996,-0.0009775000000000061,0.05163761225567914,-0.00029919927895020494
0.1001117987804878,0.0037515175854087035,"(0.098595250506898, 0.1016283470540776)",0.4235500878734622,0.013961583797576725,0.9595959595959596,0.9239766081871345,0.03893219840043685,0.099575,0.003705,0.038646083237717746,0.01790499999999999,-0.001025000000000012,0.05414685684099376,-0.00010254434009689464
0.09959832844574779,0.003238047250668688,"(0.09811222343737466, 0.10108443345412091)",0.4007029876977153,0.013951788789720929,0.941747572815534,0.9239766081871345,0.03360354713072431,0.09882,0.002950000000000008,0.030770835506415024,0.017780000000000004,-0.0011499999999999982,0.06075013206550439,-0.00011233934795269046
0.09966563739376773,0.0033053561986886304,"(0.0981628083958895, 0.10116846639164595)",0.37961335676625657,0.014356646572231322,0.9528301886792453,0.9239766081871345,0.03430206053464099,0.09965,0.0037800000000000056,0.03942839261499954,0.01852000000000001,-0.0004099999999999937,0.021658742736396917,0.0002925184345577026
0.09925404494382023,0.002893763748741132,"(0.09779107016855586, 0.1007170197190846)",0.37434094903339193,0.014035587262010936,0.9626168224299065,0.9415204678362573,0.0300306694091394,0.09851,0.0026400000000000035,0.027537290080317134,0.0175275,-0.001402500000000001,0.07408874801901748,-2.85408756626835e-05
0.09987023738872404,0.003509956193644942,"(0.09838821473877779, 0.10135226003867029)",0.4077328646748682,0.013831030156194952,0.9215686274509803,0.9298245614035088,0.036425341957430774,0.09965,0.0037800000000000056,0.03942839261499954,0.01852000000000001,-0.0004099999999999937,0.021658742736396917,-0.00023309798147866725
0.09987294285714285,0.0035126616620637513,"(0.0983806127471116, 0.1013652729671741)",0.38488576449912126,0.01419522021626045,0.9142857142857143,0.9181286549707602,0.0364534185506625,0.099245,0.003375000000000003,0.03520392197767814,0.018210000000000004,-0.0007199999999999984,0.03803486529318533,0.0001310920785868308
0.10014530120481926,0.003785020009740167,"(0.09864023949516668, 0.10165036291447185)",0.4165202108963093,0.013940693228945379,0.96,0.9122807017543859,0.03927987717343294,0.099965,0.004095000000000001,0.04271409199958279,0.017682500000000004,-0.0012474999999999986,0.06590068674062327,-0.00012343490872824062
0.0995565749235474,0.0031962937284683024,"(0.09797367716614215, 0.10113947268095265)",0.4253075571177504,0.014550010874694392,0.9292929292929293,0.9298245614035088,0.03317024077583877,0.09947,0.003600000000000006,0.03755085010952337,0.020209999999999992,0.0012799999999999895,0.06761753829899574,0.0004858827370207725
0.09943552631578949,0.0030752451207103904,"(0.09790693514823035, 0.10096411748334863)",0.3989455184534271,0.014371832733341326,0.9611650485436893,0.9181286549707602,0.03191403223994988,0.09922500000000001,0.0033550000000000108,0.03499530614373642,0.018097500000000002,-0.0008324999999999999,0.043977812995245634,0.0003077045956677068
0.10003476470588235,0.003674483510803253,"(0.09852711112347255, 0.10154241828829215)",0.4024604569420035,0.014133172246936726,0.8921568627450981,0.9181286549707602,0.03813276035760366,0.09976,0.0038900000000000046,0.04057577970167941,0.018879999999999994,-5.000000000000837e-05,0.002641310089804985,6.904410926310625e-05
0.09965158823529412,0.003291307040215019,"(0.0981039408125163, 0.10119923565807193)",0.4024604569420035,0.014508085848663551,0.9607843137254902,0.9064327485380117,0.03415626230429783,0.099055,0.0031850000000000073,0.03322207155523112,0.01881250000000001,-0.00011749999999999261,0.006207078711040285,0.0004439577109899319
0.09933586826347304,0.002975587068393945,"(0.0977649780528923, 0.10090675847405378)",0.4130052724077329,0.014594514755741842,0.9603960396039604,0.9298245614035088,0.030879808895222502,0.09873,0.0028600000000000014,0.02983206425367687,0.018917500000000018,-1.2499999999984746e-05,0.0006603275224503298,0.0005303866180682223
0.1000148991354467,0.003654617940367602,"(0.09851566161523995, 0.10151413665565345)",0.39015817223198596,0.01419924612012801,0.9619047619047619,0.9181286549707602,0.0379266010335619,0.09997,0.004100000000000006,0.042766245958068286,0.018290000000000015,-0.0006399999999999878,0.0338087691494975,0.00013511798245439098
0.09975651917404128,0.0033962379789621855,"(0.09824278505430724, 0.10127025329377533)",0.40421792618629176,0.014169139468993557,0.9117647058823529,0.9298245614035088,0.035245206187044874,0.09929,0.0034200000000000064,0.035673307604047216,0.018729999999999997,-0.00020000000000000573,0.010565240359218473,0.0001050113313199371
0.10040828985507246,0.004048008659993357,"(0.09891486682577179, 0.10190171288437312)",0.3936731107205624,0.014103069174768232,0.9038461538461539,0.935672514619883,0.04200909970154881,0.1003,0.004430000000000003,0.04620840721810789,0.018729999999999997,-0.00020000000000000573,0.010565240359218473,3.8941037094612774e-05
0.10028985549132946,0.003929574296250363,"(0.09880854150177888, 0.10177116948088004)",0.39191564147627417,0.014009120227347401,0.9423076923076923,0.9239766081871345,0.04078002105758734,0.09998,0.0041100000000000025,0.042870553875039144,0.018962499999999993,3.249999999999087e-05,0.0017168515583724704,-5.50079103262182e-05
0.09986249999999999,0.003502218804920895,"(0.09829601583627331, 0.10142898416372667)",0.4235500878734622,0.014421301517608377,0.9696969696969697,0.935672514619883,0.036345045505115706,0.099665,0.0037950000000000067,0.039584854490455894,0.019287500000000013,0.0003575000000000106,0.01888536714210304,0.0003571733799347578
0.09966852601156069,0.0033082448164815925,"(0.0981749812378361, 0.10116207078528527)",0.39191564147627417,0.014124789509604234,0.9423076923076923,0.9239766081871345,0.03433203780076284,0.099405,0.0035349999999999965,0.03687284864921244,0.018685000000000007,-0.0002449999999999952,0.012942419440042006,6.066137193061483e-05
0.09996100000000001,0.0036007188049209105,"(0.09838879093361141, 0.1015332090663886)",0.4200351493848858,0.01451839472252869,0.9393939393939394,0.935672514619883,0.0373672509073665,0.09959000000000001,0.003720000000000015,0.03880254511317425,0.018947499999999992,1.7499999999989746e-05,0.0009244585314310482,0.00045426658485507067
0.09986392857142859,0.003503647376349492,"(0.09838052033806358, 0.1013473368047936)",0.4094903339191564,0.013823256740302393,0.9108910891089109,0.9298245614035088,0.03635987081914426,0.09922500000000001,0.0033550000000000108,0.03499530614373642,0.0189825,5.2499999999996994e-05,0.002773375594294611,-0.00024087139737122634
0.09897532544378698,0.0026150442487078845,"(0.09747358551495043, 0.10047706537262353)",0.40597539543058,0.01403597136041074,0.9411764705882353,0.9181286549707602,0.027138196529478673,0.09840499999999999,0.0025349999999999956,0.026442056952122622,0.018467499999999998,-0.0004625000000000046,0.02443211833069226,-2.8156777262878727e-05
0.09969915407854985,0.0033388728834707476,"(0.0981218838730409, 0.1012764242840588)",0.4182776801405975,0.014587346152302583,0.96,0.9239766081871345,0.03464988729859846,0.09968,0.003810000000000008,0.03974131636591226,0.018655000000000005,-0.00027499999999999747,0.014527205493924852,0.0005232180146289636
0.09927706586826347,0.002916784673184375,"(0.09780363794149777, 0.10075049379502918)",0.4130052724077329,0.013689031527387555,0.9306930693069307,0.9239766081871345,0.030269574113004235,0.09916,0.0032900000000000013,0.03431730468342549,0.017689999999999997,-0.001240000000000005,0.06550449022715292,-0.00037509661028606485
0.09992137614678899,0.003561094951709892,"(0.09841154040808948, 0.1014312118854885)",0.4253075571177504,0.013878424120766413,0.9090909090909091,0.935672514619883,0.036956045660561536,0.09968,0.003810000000000008,0.03974131636591226,0.01728500000000001,-0.0016449999999999937,0.08689910195456912,-0.00018570401690720661
0.09970614035087721,0.003345859155798117,"(0.09816707272862923, 0.1012452079731252)",0.3989455184534271,0.014470332487639131,0.941747572815534,0.935672514619883,0.03472238887539675,0.09881000000000001,0.002940000000000012,0.030666527589444166,0.0183325,-0.0005975000000000008,0.03156365557316433,0.0004062043499655117
0.09976642441860466,0.0034061432235255595,"(0.09826954130821833, 0.10126330752899099)",0.3954305799648506,0.014115097545647133,0.9423076923076923,0.9239766081871345,0.0353480000398702,0.099575,0.003705,0.038646083237717746,0.018994999999999998,6.499999999999562e-05,0.003433703116745674,5.0969407973514014e-05
0.09981826498422712,0.0034579837891480225,"(0.09826821650774491, 0.10136831346070933)",0.4428822495606327,0.014026854008386882,0.9270833333333334,0.9181286549707602,0.03588598690520025,0.0995,0.0036300000000000082,0.037863773860436094,0.017770000000000008,-0.0011599999999999944,0.061278394083465096,-3.72741292867379e-05
0.09948947826086957,0.0031291970657904705,"(0.09794647515002257, 0.10103248137171657)",0.3936731107205624,0.014571276311004747,0.9423076923076923,0.935672514619883,0.03247393040972437,0.09906,0.0031899999999999984,0.03327422551371648,0.018740000000000007,-0.00018999999999999573,0.010036978341257037,0.0005071481733311279
0.10011397590361445,0.0037536947085353572,"(0.09857782986650504, 0.10165012194072387)",0.4165202108963093,0.014228613033511863,0.93,0.9239766081871345,0.038954791974258475,0.099405,0.0035349999999999965,0.03687284864921244,0.018157499999999993,-0.0007725000000000093,0.040808240887480675,0.00016448489583824333
0.09989173669467787,0.003531455499598768,"(0.09844619301234894, 0.10133728037700679)",0.37258347978910367,0.01388795346585671,0.9444444444444444,0.9239766081871345,0.036648455730939805,0.09916,0.0032900000000000013,0.03431730468342549,0.017449999999999993,-0.001480000000000009,0.07818277865821495,-0.00017617467181690882
0.10042944444444446,0.004069163249365362,"(0.09888980761087313, 0.1019690812780158)",0.4305799648506151,0.014086799883570162,0.9285714285714286,0.9298245614035088,0.04222863610295447,0.1003,0.004430000000000003,0.04620840721810789,0.01769000000000001,-0.0012399999999999911,0.06550449022715218,2.2671745896542597e-05
0.09963595611285267,0.0032756749177735717,"(0.09805757729434839, 0.10121433493135695)",0.43936731107205623,0.01432855686284047,0.9270833333333334,0.935672514619883,0.033994036517411626,0.09906,0.0031899999999999984,0.03327422551371648,0.018144999999999994,-0.0007850000000000079,0.04146856840993174,0.00026442872516685076
0.09939565597667638,0.0030353747815972804,"(0.09787307697585608, 0.10091823497749668)",0.39718804920913886,0.014336369101955373,0.9611650485436893,0.9239766081871345,0.03150026903151348,0.09898,0.0031100000000000017,0.032439762177949326,0.018490000000000006,-0.00043999999999999595,0.02324352879027976,0.0002722409642817534
0.099769243697479,0.003408962502399901,"(0.09831292718850211, 0.10122556020645589)",0.37258347978910367,0.013991452597022025,0.9351851851851852,0.935672514619883,0.035377257726122005,0.09968,0.003810000000000008,0.03974131636591226,0.018019999999999994,-0.000910000000000008,0.0480718436344431,-7.267554065159415e-05
0.10026671779141103,0.0039064365963319275,"(0.09876598567632923, 0.10176744990649282)",0.4270650263620387,0.013773476583417833,0.9489795918367347,0.9239766081871345,0.04053990449055913,0.099665,0.0037950000000000067,0.039584854490455894,0.017672499999999994,-0.0012575000000000086,0.06642894875858471,-0.0002906515542557865
0.10001161849710982,0.0036513373020307244,"(0.0984849299560009, 0.10153830703821874)",0.39191564147627417,0.014438237587020482,0.9326923076923077,0.9181286549707602,0.037892555488071675,0.09968,0.003810000000000008,0.03974131636591226,0.019762500000000016,0.0008325000000000138,0.04397781299524636,0.00037410944934686274
0.09975615819209038,0.003395876997011285,"(0.0982699991776679, 0.10124231720651286)",0.37785588752196836,0.014217631233434017,0.9345794392523364,0.9415204678362573,0.03524146001749842,0.099575,0.003705,0.038646083237717746,0.018729999999999997,-0.00020000000000000573,0.010565240359218473,0.00015350309576039715
0.09962145658263304,0.0032611753875539384,"(0.09813583055936566, 0.10110708260590041)",0.37258347978910367,0.014273041576690496,0.9166666666666666,0.9415204678362573,0.0338435644552735,0.09934,0.003470000000000001,0.03619484718890165,0.018890000000000004,-3.999999999999837e-05,0.0021130480718435482,0.00020891343901687648
0.10012264094955489,0.003762359754475794,"(0.09861077966482622, 0.10163450223428357)",0.4077328646748682,0.014109500298004517,0.9607843137254902,0.9122807017543859,0.039044715393254055,0.0997,0.00383,0.039949932199853974,0.018869999999999998,-6.0000000000004494e-05,0.0031695721077656886,4.5372160330897984e-05
0.09936638483965013,0.0030061036445710315,"(0.09784107769212513, 0.10089169198717512)",0.39718804920913886,0.014362056910668004,0.8737864077669902,0.9298245614035088,0.03119650137264799,0.0988,0.002930000000000002,0.030562219672473162,0.019545000000000007,0.0006150000000000044,0.03248811410459611,0.0002979287729943849
0.09965667621776504,0.003296395022685944,"(0.09816756440528054, 0.10114578803024954)",0.3866432337434095,0.014144216329913528,0.9333333333333333,0.9239766081871345,0.03420906396082916,0.09934,0.003470000000000001,0.03619484718890165,0.01872,-0.00021000000000000185,0.011093502377179177,8.008819223990875e-05
0.0999729682997118,0.0036126871046327086,"(0.09847315887073121, 0.1014727777286924)",0.39015817223198596,0.014204662655752584,0.9238095238095239,0.935672514619883,0.037491454568494974,0.09934,0.003470000000000001,0.03619484718890165,0.019095,0.00016499999999999848,0.008716323296354911,0.0001405345180789646
0.1005851090342679,0.004224827839188802,"(0.09905953885313723, 0.10211067921539857)",0.4358523725834798,0.0138928370731539,0.9484536082474226,0.9239766081871345,0.04384407960200675,0.09989,0.00402000000000001,0.041931782622301135,0.01833,-0.0006000000000000033,0.031695721077654684,-0.00017129106451971993
0.09993991279069768,0.003579631595618582,"(0.09844300686081399, 0.10143681872058137)",0.3954305799648506,0.014115312725729532,0.9423076923076923,0.9298245614035088,0.03714841375744538,0.099795,0.003924999999999998,0.04094085741107748,0.019332500000000002,0.0004025000000000001,0.021262546222926573,5.118458805591225e-05
0.10037286153846152,0.004012580343382421,"(0.09880559530268732, 0.10194012777423572)",0.4288224956063269,0.014361871830138895,0.8979591836734694,0.9239766081871345,0.04164143455807324,0.09968,0.003810000000000008,0.03974131636591226,0.018530000000000005,-0.0003999999999999976,0.021130480718436213,0.0002977436924652757
0.1004936280487805,0.004133346853701397,"(0.09903063449399606, 0.10195662160356493)",0.4235500878734622,0.013468550567195673,0.9393939393939394,0.9239766081871345,0.042894715565778965,0.09969,0.003820000000000004,0.039845624282883116,0.018039999999999987,-0.0008900000000000158,0.0470153195985217,-0.000595577570477946
0.09988333333333334,0.00352305213825424,"(0.09841353420718392, 0.10135313245948276)",0.4094903339191564,0.013696439200250887,0.9306930693069307,0.9298245614035088,0.036561248001361735,0.09976,0.0038900000000000046,0.04057577970167941,0.018475000000000005,-0.0004549999999999971,0.024035921817221185,-0.0003676889374227329
0.09948446685878964,0.0031241856637105464,"(0.09795263916481792, 0.10101629455276137)",0.39015817223198596,0.014507906950816565,0.9142857142857143,0.935672514619883,0.03242192348303454,0.09872,0.0028500000000000053,0.02972775633670601,0.017975000000000005,-0.0009549999999999975,0.050449022715266634,0.0004437788131429459
0.10017821428571427,0.0038179330906351755,"(0.09862989890138076, 0.10172652967004779)",0.45869947275922673,0.013809285328935439,0.9354838709677419,0.935672514619883,0.039621439905367865,0.09976,0.0038900000000000046,0.04057577970167941,0.019332500000000002,0.0004025000000000001,0.021262546222926573,-0.0002548428087381805
0.09987514534883721,0.00351486415375811,"(0.09835645908323296, 0.10139383161444146)",0.3954305799648506,0.01432069386814443,0.9423076923076923,0.9181286549707602,0.036476275392372,0.099665,0.0037950000000000067,0.039584854490455894,0.017967499999999997,-0.000962500000000005,0.05084521922873771,0.00025656573047081084
0.09930979104477614,0.002949509849697038,"(0.09778194084017273, 0.10083764124937954)",0.4112478031634446,0.014216036054186537,0.9207920792079208,0.9473684210526315,0.03060918682590626,0.09906,0.0031899999999999984,0.03327422551371648,0.017879999999999993,-0.0010500000000000093,0.05546751188589589,0.00015190791651291738
0.09955142441860464,0.003191143223525539,"(0.09801529761414983, 0.10108755122305944)",0.3954305799648506,0.01448515220521569,0.9326923076923077,0.9298245614035088,0.03311679027861226,0.099405,0.0035349999999999965,0.03687284864921244,0.018767500000000006,-0.00016249999999999598,0.008584257791864551,0.0004210240675420699
0.09984714285714287,0.0034868616620637727,"(0.09830029958982218, 0.10139398612446356)",0.4094903339191564,0.014414381112525881,0.9405940594059405,0.9298245614035088,0.03618567337931179,0.099245,0.003375000000000003,0.03520392197767814,0.019799999999999998,0.0008699999999999958,0.04595879556259882,0.00035025297485226196
0.09995494082840235,0.003594659633323255,"(0.09840114108173503, 0.10150874057506967)",0.40597539543058,0.01452254703045169,0.9509803921568627,0.9473684210526315,0.03730437052218592,0.099905,0.004034999999999997,0.042088244497757346,0.019347500000000004,0.0004175000000000012,0.022054939249867997,0.0004584188927780706
0.09974253012048193,0.003382248925402828,"(0.09821792105343272, 0.10126713918753114)",0.4165202108963093,0.014121751394969594,0.92,0.9298245614035088,0.03510003170866164,0.09959000000000001,0.003720000000000015,0.03880254511317425,0.019409999999999997,0.0004799999999999943,0.02535657686212331,5.762325729597416e-05
0.09961505681818182,0.0032547756231027236,"(0.09815769096885243, 0.10107242266751121)",0.38137082601054484,0.013902462795909015,0.9622641509433962,0.9298245614035088,0.03377714949288606,0.09870499999999999,0.0028349999999999903,0.02957129446124951,0.018867499999999995,-6.2500000000007e-05,0.003301637612256048,-0.00016166534176460454
0.10034411242603548,0.003983831230956386,"(0.09887137727733977, 0.1018168475747312)",0.40597539543058,0.013764878972471525,0.8823529411764706,0.935672514619883,0.04134308432424782,0.099925,0.004055000000000003,0.04229686033169921,0.016382500000000008,-0.002547499999999994,0.13457474907554115,-0.00029924916520209476
0.10065375384615384,0.004293472651074742,"(0.09912183954990966, 0.10218566814239802)",0.4288224956063269,0.014037919196637372,0.9387755102040817,0.9181286549707602,0.044556456226842144,0.1003,0.004430000000000003,0.04620840721810789,0.01804,-0.0008900000000000019,0.04701531959852096,-2.6208941036246977e-05
0.10062094117647057,0.004260659981391468,"(0.09910728253226762, 0.10213459982067351)",0.4024604569420035,0.014189465399200692,0.9509803921568627,0.9181286549707602,0.04421593553432937,0.1007,0.004830000000000001,0.05038072389694379,0.01843249999999999,-0.0004975000000000118,0.026281035393555825,0.00012533726152707224
0.10002866666666665,0.003668385471587557,"(0.09845459439414929, 0.10160273893918402)",0.4200351493848858,0.014535600298177189,0.9292929292929293,0.935672514619883,0.03806947661517299,0.099985,0.0041150000000000075,0.04292270783352464,0.01903500000000001,0.00010500000000000786,0.005546751188589955,0.0004714721605035693
0.10042242331288345,0.004062142117804354,"(0.0988557930330609, 0.101989053592706)",0.4270650263620387,0.01437827927926574,0.9387755102040817,0.9181286549707602,0.04215577276679636,0.1005,0.004630000000000009,0.04829456555752591,0.018135,-0.000795000000000004,0.04199683042789244,0.00031415114159212033
0.09979907246376812,0.003438791268689026,"(0.09832750478444423, 0.10127064014309202)",0.3936731107205624,0.013896679219267533,0.9326923076923077,0.935672514619883,0.03568681230524094,0.09968,0.003810000000000008,0.03974131636591226,0.01791000000000001,-0.0010199999999999931,0.053882725832012306,-0.00016744891840608615
0.09929521865889214,0.002934937463813042,"(0.09780870265768007, 0.1007817346601042)",0.39718804920913886,0.013996805458276678,0.9611650485436893,0.935672514619883,0.030457958688096094,0.09934,0.003470000000000001,0.03619484718890165,0.019485000000000002,0.0005549999999999999,0.02931854199683042,-6.732267939694135e-05
0.10030063253012046,0.003940351335041364,"(0.09873960899834756, 0.10186165606189336)",0.4165202108963093,0.014459041805424839,0.91,0.9181286549707602,0.04089186214664751,0.10035,0.004479999999999998,0.04672994680296232,0.01843249999999999,-0.0004975000000000118,0.026281035393555825,0.0003949136677512191
0.09945640579710145,0.0030961246020223543,"(0.09793917154107763, 0.10097364005312527)",0.3936731107205624,0.014327929359072475,0.9711538461538461,0.9239766081871345,0.03213071364698826,0.0988,0.002930000000000002,0.030562219672473162,0.01897,3.999999999999837e-05,0.0021130480718435482,0.0002638012213988551
0.09909839436619718,0.0027381131711180784,"(0.09758264818261739, 0.10061414054977696)",0.37609841827768015,0.014521290543649193,0.9158878504672897,0.8947368421052632,0.028415371324776787,0.09934,0.003470000000000001,0.03619484718890165,0.019299999999999984,0.00036999999999998145,0.019545694664552637,0.00045716240597557314
0.09989697947214075,0.003536698277061656,"(0.0984101747385224, 0.10138378420575911)",0.4007029876977153,0.01395835792095823,0.9223300970873787,0.9298245614035088,0.03670286380652724,0.0995,0.0036300000000000082,0.037863773860436094,0.01852000000000001,-0.0004099999999999937,0.021658742736396917,-0.00010577021671539025
0.09985984756097561,0.003499566365896517,"(0.09836287357838398, 0.10135682154356725)",0.4235500878734622,0.013781379771889977,0.898989898989899,0.9181286549707602,0.0363175192360816,0.09894,0.0030700000000000033,0.03202253051006575,0.0176525,-0.0012775000000000009,0.06748547279450612,-0.0002827483657836423
0.09872353801169591,0.00236325681661681,"(0.09717985910628983, 0.10026721691710198)",0.3989455184534271,0.014513687827929401,0.970873786407767,0.9415204678362573,0.024525217105089727,0.09851,0.0026400000000000035,0.027537290080317134,0.01862749999999999,-0.0003025000000000111,0.01597992604331807,0.00044955969025578177
0.10041585365853659,0.004055572463457488,"(0.09894209154349551, 0.10188961577357766)",0.4235500878734622,0.01356768763986302,0.9292929292929293,0.935672514619883,0.04208759473467162,0.099575,0.003705,0.038646083237717746,0.017502500000000004,-0.0014274999999999982,0.0754094030639196,-0.0004964404978105991
0.10013088757396449,0.003770606378885391,"(0.09861453845779129, 0.10164723669013769)",0.40597539543058,0.014172515732121586,0.9705882352941176,0.9005847953216374,0.039130296550836004,0.09977,0.0039000000000000007,0.04068008761865027,0.0186225,-0.0003075000000000022,0.016244057052298054,0.00010838759444796627
0.0996628813559322,0.0033026001608530975,"(0.09815374434686741, 0.10117201836499698)",0.37785588752196836,0.014437454718766115,0.897196261682243,0.935672514619883,0.03427345914617105,0.09911,0.0032400000000000068,0.03379576509857105,0.019757499999999997,0.0008274999999999949,0.043713681986264914,0.0003733265810924955
0.10037150442477875,0.004011223229699656,"(0.09887181266239597, 0.10187119618716153)",0.40421792618629176,0.014037697548520474,0.9313725490196079,0.935672514619883,0.04162735081250988,0.0997,0.00383,0.039949932199853974,0.018039999999999987,-0.0008900000000000158,0.0470153195985217,-2.643058915314557e-05
0.10035578635014836,0.003995505155069259,"(0.09891127282008044, 0.10180029988021627)",0.4077328646748682,0.013480974933902356,0.9313725490196079,0.9239766081871345,0.04146423303788886,0.1,0.004130000000000009,0.043079169708981006,0.01682,-0.0021100000000000008,0.11146328578975175,-0.0005831532037712632
0.09883015384615385,0.0024698726510747476,"(0.09723297917380176, 0.10042732851850593)",0.4288224956063269,0.014635942133554373,0.8979591836734694,0.9239766081871345,0.025631646363448744,0.09834,0.00247,0.02576405549181183,0.020600000000000007,0.0016700000000000048,0.08821975699947199,0.0005718139958807537
0.10030466867469877,0.003944387479619671,"(0.0988024304934547, 0.10180690685594283)",0.4165202108963093,0.013914540186107415,0.92,0.9181286549707602,0.040933748124233386,0.09969,0.003820000000000004,0.039845624282883116,0.019272499999999998,0.0003424999999999956,0.018092974115160886,-0.00014958795156620394
0.1003739142857143,0.004013633090635196,"(0.09890028842831541, 0.10184754014311317)",0.38488576449912126,0.014017303156682039,0.9238095238095239,0.9415204678362573,0.041652359674103606,0.09977,0.0039000000000000007,0.04068008761865027,0.018602499999999994,-0.00032750000000000834,0.017300581088220194,-4.68249809915805e-05
0.1002967711598746,0.003936489964795509,"(0.09875820981351419, 0.10183533250623503)",0.43936731107205623,0.013967092994306957,0.9375,0.9239766081871345,0.04085178992811549,0.09947,0.003600000000000006,0.03755085010952337,0.018244999999999997,-0.000685000000000005,0.0361859482303225,-9.703514336666282e-05
0.0998032424242424,0.0034429612291633077,"(0.09830852919882754, 0.10129795564965727)",0.4200351493848858,0.013802767753657835,0.8888888888888888,0.9298245614035088,0.03573008698670269,0.099405,0.0035349999999999965,0.03687284864921244,0.01825250000000002,-0.0006774999999999837,0.03578975171685069,-0.00026136038401578486
0.09951093567251461,0.0031506544774355105,"(0.0979650305776273, 0.10105684076740191)",0.3989455184534271,0.014534618488485362,0.9611650485436893,0.935672514619883,0.032696609415834785,0.09901499999999999,0.003144999999999995,0.0328048398873474,0.019807499999999992,0.0008774999999999894,0.04635499207606916,0.000470490350811743
0.10001633237822351,0.00365605118314441,"(0.0985559436539152, 0.10147672110253181)",0.3866432337434095,0.013871392241472859,0.9523809523809523,0.9415204678362573,0.03794147482553337,0.0997,0.00383,0.039949932199853974,0.018210000000000004,-0.0007199999999999984,0.03803486529318533,-0.0001927358962007606
0.09979088235294117,0.003430601157862076,"(0.09829071075680977, 0.10129105394907258)",0.4024604569420035,0.014063033985697165,0.9411764705882353,0.9298245614035088,0.03560181762978572,0.09922500000000001,0.0033550000000000108,0.03499530614373642,0.0184425,-0.0004875000000000018,0.02575277337559439,-1.0941519764540858e-06
0.09952051724137931,0.0031602360463002105,"(0.098041119179299, 0.10099991530345961)",0.3884007029876977,0.014031663710166595,0.9523809523809523,0.9298245614035088,0.03279604425294679,0.09876499999999999,0.002894999999999995,0.030197141963074943,0.018732500000000013,-0.00019749999999998935,0.01043317485472738,-3.246442750702398e-05
0.09974684057971013,0.0033865593846310327,"(0.09822048667125714, 0.10127319448816312)",0.3936731107205624,0.014414050361986508,0.9807692307692307,0.935672514619883,0.03514476444682663,0.09947,0.003600000000000006,0.03755085010952337,0.01811,-0.0008200000000000013,0.04331748547279457,0.0003499222243128885
0.10026574285714286,0.003905461662063764,"(0.09879193707836507, 0.10173954863592065)",0.38488576449912126,0.014019014590082807,0.9047619047619048,0.935672514619883,0.0405297868958814,0.09911,0.0032400000000000068,0.03379576509857105,0.018610000000000015,-0.00031999999999998696,0.016904384574748386,-4.5113547590812375e-05
0.10012735632183907,0.0037670751267599722,"(0.09863556495984173, 0.10161914768383641)",0.3884007029876977,0.014149210583555484,0.9142857142857143,0.9298245614035088,0.03909365020566532,0.09933,0.0034600000000000047,0.03609053927193079,0.017772499999999997,-0.0011575000000000057,0.061146328578975465,8.508244588186463e-05
0.10009185628742516,0.003731575092346062,"(0.09856470503107383, 0.1016190075437765)",0.4130052724077329,0.014188153567288251,0.9405940594059405,0.9181286549707602,0.038725240794924384,0.09978500000000001,0.003915000000000016,0.04083654949410677,0.018479999999999996,-0.00045000000000000595,0.023771790808241197,0.0001240254296146319
0.10016363112391932,0.0038033499288402245,"(0.09872872094338249, 0.10159854130445616)",0.39015817223198596,0.013590003277739512,0.9238095238095239,0.9298245614035088,0.039470099938173,0.09996,0.004089999999999996,0.04266193804109728,0.017020000000000007,-0.001909999999999995,0.10089804543053327,-0.0004741248599341077
0.09995672955974842,0.0035964483646693246,"(0.0984343635301595, 0.10147909558933735)",0.44112478031634444,0.013798226718091545,0.9375,0.9415204678362573,0.03732293347492833,0.09931000000000001,0.0034400000000000125,0.03588192343798907,0.018185000000000007,-0.0007449999999999957,0.03935552033808746,-0.0002659014195820746
0.10045544342507644,0.00409516222999734,"(0.09896326162275285, 0.10194762522740003)",0.4253075571177504,0.013716148973777924,0.9595959595959596,0.9064327485380117,0.042498446239553636,0.1002,0.0043300000000000005,0.04516532804839888,0.016265,-0.0026650000000000007,0.14078182778658216,-0.0003479791638956956
0.09987120343839541,0.003510922243316311,"(0.09842714676003678, 0.10131526011675404)",0.3866432337434095,0.013716263533819389,0.9142857142857143,0.9239766081871345,0.036435367350252254,0.09968,0.003810000000000008,0.03974131636591226,0.018460000000000004,-0.0004699999999999982,0.024828314844162605,-0.0003478646038542303
0.09973288288288289,0.003372601687803789,"(0.09824699421060402, 0.10121877155516175)",0.4147627416520211,0.013783966549314743,0.95,0.9298245614035088,0.034999915379823734,0.09916,0.0032900000000000013,0.03431730468342549,0.018460000000000004,-0.0004699999999999982,0.024828314844162605,-0.0002801615883588765
0.10028029325513196,0.003920012060052866,"(0.09878779036561834, 0.10177279614464559)",0.4007029876977153,0.01401185310945013,0.9320388349514563,0.9239766081871345,0.040680786849478935,0.1001,0.004229999999999998,0.04412224887868987,0.01809999999999999,-0.0008300000000000113,0.043845747490756,-5.2275028223488715e-05
0.09993561403508773,0.0035753328400086326,"(0.09840919645735295, 0.10146203161282251)",0.3989455184534271,0.014351396615398485,0.9320388349514563,0.9473684210526315,0.03710380247615152,0.09956000000000001,0.0036900000000000127,0.03848962136226153,0.018705,-0.00022500000000000298,0.011885895404120599,0.0002872684777248651
0.1003693375394322,0.0040090563443530985,"(0.0987937176590656, 0.1019449574197988)",0.4428822495606327,0.01425825731900456,0.9791666666666666,0.9239766081871345,0.04160486348350167,0.0997,0.00383,0.039949932199853974,0.018000000000000002,-0.0009300000000000003,0.049128367670364506,0.00019412918133094106
0.10004076923076922,0.003680488035690127,"(0.09848515311112183, 0.10159638535041662)",0.4288224956063269,0.014255114298584807,0.9693877551020408,0.9181286549707602,0.03819507363453067,0.1001,0.004229999999999998,0.04412224887868987,0.018570000000000003,-0.0003599999999999992,0.019017432646592666,0.00019098616091118778
0.10005850574712644,0.0036982245520473384,"(0.09856563027178378, 0.1015513812224691)",0.3884007029876977,0.014159493085794166,0.9238095238095239,0.935672514619883,0.038379138231865166,0.09969,0.003820000000000004,0.039845624282883116,0.018677500000000014,-0.00025249999999998884,0.013338615953512352,9.536494812054618e-05
0.09938473837209302,0.0030244571770139256,"(0.09785592299301774, 0.10091355375116831)",0.3954305799648506,0.01441620795585285,0.9134615384615384,0.9239766081871345,0.031386969190044016,0.098795,0.002924999999999997,0.030510065713987664,0.018907500000000008,-2.2499999999994746e-05,0.0011885895404117666,0.0003520798181792309
0.0991125071225071,0.0027522259274280064,"(0.09757145255960246, 0.10065356168541174)",0.38312829525483305,0.01467976496442172,0.9150943396226415,0.9122807017543859,0.028561829555646383,0.09882,0.002950000000000008,0.030770835506415024,0.019930000000000003,0.0010000000000000009,0.052826201796090905,0.0006156368267480998
0.10036982300884957,0.004009541813770473,"(0.09886138257242233, 0.10187826344527681)",0.40421792618629176,0.014119588536567,0.9901960784313726,0.9239766081871345,0.04160990154909626,0.1002,0.0043300000000000005,0.04516532804839888,0.018670000000000006,-0.00025999999999999635,0.013734812466983428,5.5460398893380364e-05
0.09979199438202248,0.0034317131869433803,"(0.09830918785335123, 0.10127480091069373)",0.37434094903339193,0.01422585049156707,0.9439252336448598,0.9122807017543859,0.03561335795602297,0.09968,0.003810000000000008,0.03974131636591226,0.018975000000000006,4.500000000000337e-05,0.0023771790808242666,0.00016172235389345056
0.0995462678062678,0.0031859866111886986,"(0.09804177783396978, 0.10105075777856581)",0.38312829525483305,0.014331458285965201,0.9622641509433962,0.9239766081871345,0.033063276400561184,0.09916,0.0032900000000000013,0.03431730468342549,0.019894999999999996,0.0009649999999999936,0.05097728473322734,0.0002673301482915818
0.0992455652173913,0.0028852840223121956,"(0.09772081243071948, 0.10077031800406311)",0.3936731107205624,0.014398930244783307,0.9519230769230769,0.9298245614035088,0.02994266918411131,0.09898,0.0031100000000000017,0.032439762177949326,0.01869,-0.0002400000000000041,0.012678288431062022,0.0003348021071096878
0.09934609418282549,0.002985812987746389,"(0.09786209993667683, 0.10083008842897415)",0.3655536028119508,0.01433755848508829,0.9541284403669725,0.9298245614035088,0.03098593062116207,0.09874,0.0028699999999999976,0.029936372170647728,0.01897,3.999999999999837e-05,0.0021130480718435482,0.0002734303474146698
0.09955052325581397,0.0031902420607348714,"(0.09806477052275352, 0.10103627598887442)",0.3954305799648506,0.014010141881050112,0.9423076923076923,0.9064327485380117,0.033107438263658674,0.099245,0.003375000000000003,0.03520392197767814,0.0174575,-0.0014725000000000016,0.07778658214474386,-5.3986256623507825e-05
0.10054915662650603,0.0041888754314269305,"(0.09898938239957021, 0.10210893085344185)",0.4165202108963093,0.014447470070278303,0.92,0.9239766081871345,0.04347097558740672,0.10035,0.004479999999999998,0.04672994680296232,0.019302500000000014,0.0003725000000000117,0.01967776016904446,0.0003833419326046833
0.09959779411764706,0.0032375129225679644,"(0.09807587722284507, 0.10111971101244906)",0.4024604569420035,0.014266880582328001,0.9313725490196079,0.9239766081871345,0.033598002023403156,0.09911,0.0032400000000000068,0.03379576509857105,0.018307500000000018,-0.0006224999999999842,0.032884310618065724,0.0002027524446543815
0.09947403361344538,0.0031137524183662835,"(0.09799063198743242, 0.10095743523945834)",0.37258347978910367,0.01425167084543098,0.9537037037037037,0.9122807017543859,0.03231365018604051,0.09906,0.0031899999999999984,0.03327422551371648,0.01852000000000001,-0.0004099999999999937,0.021658742736396917,0.00018754270775736027
0.09963469325153375,0.003274412056454651,"(0.09803644118256555, 0.10123294532050195)",0.4270650263620387,0.014668498944685214,0.9183673469387755,0.9181286549707602,0.0339809308964726,0.098935,0.0030649999999999983,0.03197037655158025,0.01935250000000001,0.0004225000000000062,0.022319070258848713,0.0006043708070115946
0.09948110795454546,0.003120826759466358,"(0.09797966508339451, 0.1009825508256964)",0.38137082601054484,0.0143229331646299,0.9622641509433962,0.9181286549707602,0.0323870657158868,0.09873,0.0028600000000000014,0.02983206425367687,0.019534999999999997,0.0006049999999999944,0.031959852086634676,0.00025880502695628006
0.09966281976744185,0.003302538572362748,"(0.09819121367449545, 0.10113442586038825)",0.3954305799648506,0.013876743886398722,0.9423076923076923,0.935672514619883,0.03427281999807408,0.099055,0.0031850000000000073,0.03322207155523112,0.01824250000000001,-0.0006874999999999937,0.03631801373481213,-0.00018738425127489723
0.10017299703264095,0.0038127158375618475,"(0.09864052636033818, 0.10170546770494371)",0.4077328646748682,0.014301838155356638,0.9117647058823529,0.935672514619883,0.039567296714743856,0.09968,0.003810000000000008,0.03974131636591226,0.019430000000000003,0.0005000000000000004,0.026413100898045452,0.0002377100176830186
0.10014826747720365,0.003787986282124553,"(0.09863124488461877, 0.10166529006978853)",0.421792618629174,0.013987382218216592,0.9090909090909091,0.935672514619883,0.03931066031714732,0.0995,0.0036300000000000082,0.037863773860436094,0.01772,-0.0012100000000000027,0.06391970417327007,-7.674591945702747e-05
0.09898686813186812,0.0026265869367890216,"(0.09753066539480755, 0.10044307086892869)",0.3602811950790861,0.014127783328948863,0.9545454545454546,0.9298245614035088,0.027257983312352095,0.09840499999999999,0.0025349999999999956,0.026442056952122622,0.018987500000000004,5.7500000000001994e-05,0.0030375066032753296,6.365519127524318e-05
0.09982733524355303,0.0034670540484739304,"(0.0983135004629093, 0.10134117002419675)",0.3866432337434095,0.014379045579826015,0.9523809523809523,0.9239766081871345,0.035980115515177484,0.09968,0.003810000000000008,0.03974131636591226,0.017570000000000002,-0.00136,0.07184363444268357,0.0003149174421523959
0.10008417391304346,0.003723892717964361,"(0.09858897444485717, 0.10157937338122974)",0.3936731107205624,0.014119844890688713,0.9519230769230769,0.9064327485380117,0.03864551526604026,0.1,0.004130000000000009,0.043079169708981006,0.01852000000000001,-0.0004099999999999937,0.021658742736396917,5.571675301509378e-05
0.10040994117647059,0.004049659981391493,"(0.0988948045528144, 0.10192507780012679)",0.4024604569420035,0.014203320397745498,0.9411764705882353,0.9064327485380117,0.04202623665235111,0.10055,0.004680000000000004,0.04881610514238035,0.018379999999999994,-0.0005500000000000088,0.029054410987850436,0.00013919226007187875
0.09965659154929578,0.0032963103542166805,"(0.09819978112961049, 0.10111340196898107)",0.37609841827768015,0.013956668735463125,0.9252336448598131,0.935672514619883,0.03420818529517757,0.09898,0.0031100000000000017,0.032439762177949326,0.018070000000000003,-0.0008599999999999997,0.045430533544638114,-0.0001074594022104948
0.10011458333333334,0.0037543021382542424,"(0.09853452732372485, 0.10169463934294183)",0.4094903339191564,0.014723876673739244,0.9108910891089109,0.9415204678362573,0.038961095709691286,0.10005,0.004180000000000003,0.04360070929383544,0.018884999999999985,-4.500000000001725e-05,0.0023771790808249996,0.0006597485360656241
0.09950422096317281,0.003143939768093712,"(0.09798445089078318, 0.10102399103556244)",0.37961335676625657,0.01451848602279929,0.9339622641509434,0.9064327485380117,0.03262692604361418,0.09968,0.003810000000000008,0.03974131636591226,0.018740000000000007,-0.00018999999999999573,0.010036978341257037,0.0004543578851256714
0.10015927492447131,0.003798993729392214,"(0.09859869130854736, 0.10171985854039527)",0.4182776801405975,0.014433020623596336,0.91,0.9122807017543859,0.03942489252082236,0.1001,0.004229999999999998,0.04412224887868987,0.01888999999999999,-4.000000000001225e-05,0.002113048071844281,0.00036889248592271613
0.10025475609756099,0.0038944749024818898,"(0.0987302490498907, 0.10177926314523128)",0.4235500878734622,0.014034853533321878,0.9595959595959596,0.9298245614035088,0.040415769383213174,0.09976,0.0038900000000000046,0.04057577970167941,0.018827499999999997,-0.00010250000000000536,0.005414685684099596,-2.9274604351741534e-05
0.10039153846153848,0.004031257266459379,"(0.09890408268924188, 0.10187899423383508)",0.4288224956063269,0.013630517053901336,0.9183673469387755,0.9239766081871345,0.04183525843286192,0.0995,0.0036300000000000082,0.037863773860436094,0.01783,-0.0011000000000000038,0.05810882197570014,-0.0004336110837722829
0.09919184659090909,0.002831565395829988,"(0.09769922366691357, 0.1006844695149046)",0.38137082601054484,0.014238795755175197,0.9339622641509434,0.9239766081871345,0.02938519232937429,0.09873,0.0028600000000000014,0.02983206425367687,0.018420000000000006,-0.0005099999999999966,0.026941362916006153,0.00017466761750157753
0.09941535714285714,0.003055075947778041,"(0.0979003959466964, 0.10093031833901787)",0.4094903339191564,0.014117285515276278,0.9306930693069307,0.9181286549707602,0.031704722214260794,0.09986500000000001,0.003995000000000012,0.04167101282987392,0.018572500000000006,-0.0003574999999999967,0.018885367142102306,5.315737760265907e-05
0.09941878453038674,0.003058503335307647,"(0.09797805686384863, 0.10085951219692486)",0.36379613356766255,0.013938935987681401,0.944954128440367,0.9181286549707602,0.03174029068175693,0.098935,0.0030649999999999983,0.03197037655158025,0.019259999999999985,0.0003299999999999831,0.01743264659270909,-0.00012519214999221796
0.1007834650455927,0.004423183850513601,"(0.09926887932601103, 0.10229805076517437)",0.421792618629174,0.01396491355210727,0.9595959595959596,0.9239766081871345,0.04590256271210926,0.1001,0.004229999999999998,0.04412224887868987,0.018869999999999998,-6.0000000000004494e-05,0.0031695721077656886,-9.921458556634913e-05
0.10037046920821113,0.004010188013132035,"(0.09886785960509169, 0.10187307881133058)",0.4007029876977153,0.014106736534774763,0.9514563106796117,0.9181286549707602,0.04161660762501829,0.09968,0.003810000000000008,0.03974131636591226,0.01793,-0.0010000000000000009,0.052826201796090905,4.260839710114317e-05
0.10032011976047904,0.003959838565399942,"(0.09882611487045082, 0.10181412465050727)",0.4130052724077329,0.013880203890637717,0.9108910891089109,0.9298245614035088,0.04109409516337279,0.09969,0.003820000000000004,0.039845624282883116,0.01817249999999998,-0.000757500000000022,0.04001584786053999,-0.0001839242470359024
0.09908626016260164,0.002725978967522538,"(0.0976796474514676, 0.10049287287373568)",0.351493848857645,0.013740702908162756,0.954954954954955,0.9239766081871345,0.02828944595962582,0.09867,0.002799999999999997,0.029206216751851435,0.018849999999999992,-8.000000000001062e-05,0.004226096143687829,-0.0003234252295108639
0.09988283185840709,0.003522550663327989,"(0.09836771693661586, 0.10139794678019831)",0.40421792618629176,0.014182064312710954,0.9313725490196079,0.9298245614035088,0.03655604383508044,0.09968,0.003810000000000008,0.03974131636591226,0.018240000000000006,-0.0006899999999999962,0.036450079239302484,0.00011793617503733436
0.09908305084745764,0.00272276965237854,"(0.09757825470995629, 0.10058784698495898)",0.37785588752196836,0.014395926920918338,0.9719626168224299,0.935672514619883,0.028256140586247952,0.098595,0.002725000000000005,0.028423907374569787,0.018832499999999988,-9.750000000001424e-05,0.00515055467511961,0.00033179878324471855
0.10006461095100865,0.0037043297559295474,"(0.09855087620901315, 0.10157834569300414)",0.39015817223198596,0.014336548994063602,0.9142857142857143,0.935672514619883,0.03844249632719751,0.09996,0.004089999999999996,0.04266193804109728,0.018314999999999998,-0.0006150000000000044,0.03248811410459611,0.00027242085638998215
0.09993436746987952,0.0035740862748004226,"(0.09836094827624066, 0.10150778666351838)",0.4165202108963093,0.014573857110561344,0.93,0.9005847953216374,0.0370908659716836,0.09889,0.003020000000000009,0.03150099092521132,0.019295000000000007,0.0003650000000000042,0.019281563655573385,0.0005097289728877245
0.1004058753709199,0.0040455941758408,"(0.09892542307263956, 0.10188632766920024)",0.4077328646748682,0.013816374792292226,0.9313725490196079,0.9298245614035088,0.04198404286150422,0.09934,0.003470000000000001,0.03619484718890165,0.018239999999999992,-0.00069000000000001,0.03645007923930322,-0.0002477533453813935
0.099443125,0.0030828438049208956,"(0.09791048076306792, 0.10097576923693206)",0.4094903339191564,0.014282066326811147,0.8712871287128713,0.9181286549707602,0.031992889255685664,0.09881000000000001,0.002940000000000012,0.030666527589444166,0.0175275,-0.001402500000000001,0.07408874801901748,0.00021793818913752767
0.0997881615598886,0.0034278803648094963,"(0.09838372411748632, 0.10119259900229087)",0.36906854130052724,0.013531028978390702,0.9722222222222222,0.9181286549707602,0.03557358200179837,0.09906,0.0031899999999999984,0.03327422551371648,0.01759000000000001,-0.001339999999999994,0.07078711040676143,-0.0005330991592829171
0.09982622754491018,0.0034659463498310783,"(0.09829783050578829, 0.10135462458403206)",0.4130052724077329,0.014199727638413522,0.9702970297029703,0.9415204678362573,0.035968620129017186,0.099415,0.0035450000000000065,0.036977156566183444,0.01983499999999999,0.0009049999999999891,0.04780771262546165,0.0001355995007399028
0.09992026706231454,0.003559985867235438,"(0.09837561332915656, 0.10146492079547251)",0.4077328646748682,0.014415537012853237,0.9607843137254902,0.9239766081871345,0.03694453589262915,0.09934,0.003470000000000001,0.03619484718890165,0.018909999999999996,-2.0000000000006124e-05,0.0010565240359221406,0.00035140887517961725
0.10013984709480121,0.003779565899722115,"(0.0985793081192502, 0.10170038607035223)",0.4253075571177504,0.014344488744410218,0.898989898989899,0.9181286549707602,0.039223275947799216,0.1001,0.004229999999999998,0.04412224887868987,0.01888999999999999,-4.000000000001225e-05,0.002113048071844281,0.0002803606067365988
0.09999608280254776,0.0036358016074686667,"(0.09837478237421357, 0.10161738323088196)",0.44815465729349735,0.014601507086844814,0.9578947368421052,0.935672514619883,0.037731330402700596,0.09959000000000001,0.003720000000000015,0.03880254511317425,0.0192475,0.00031749999999999834,0.016772319070258758,0.0005373789491711946
0.09959094674556214,0.0032306655504830417,"(0.09812523034596687, 0.1010566631451574)",0.40597539543058,0.013699278425087778,0.9411764705882353,0.9122807017543859,0.033526941914403884,0.099175,0.0033050000000000024,0.034473766558881846,0.017,-0.0019300000000000012,0.10195456946645541,-0.00036484971258584145
0.09902757575757576,0.002667294562496661,"(0.09757102508156738, 0.10048412643358413)",0.36203866432337434,0.014111604278829662,0.926605504587156,0.9239766081871345,0.027680435646475404,0.09882,0.002950000000000008,0.030770835506415024,0.018205,-0.0007250000000000034,0.03829899630216605,4.747614115604287e-05
0.10014662650602407,0.0037863453109449746,"(0.09864197857580657, 0.10165127443624157)",0.4165202108963093,0.013936860580667908,0.9,0.9239766081871345,0.03929363077801328,0.09986500000000001,0.003995000000000012,0.04167101282987392,0.01877000000000001,-0.00015999999999999348,0.008452192287374193,-0.000127267557005711
0.09972701492537316,0.003366733730294058,"(0.09818664236220055, 0.10126738748854576)",0.4112478031634446,0.01433255160025695,0.900990099009901,0.9298245614035088,0.034939019360873236,0.09934,0.003470000000000001,0.03619484718890165,0.018985000000000002,5.4999999999999494e-05,0.00290544109878497,0.0002684234625833313
0.1004590322580645,0.004098751062985406,"(0.09898212745156046, 0.10193593706456855)",0.4007029876977153,0.013865415839911266,0.912621359223301,0.9181286549707602,0.042535690142783855,0.09968,0.003810000000000008,0.03974131636591226,0.01833,-0.0006000000000000033,0.031695721077654684,-0.00019871229776235316
0.10055486153846153,0.004194580343382437,"(0.09903659909930335, 0.10207312397761972)",0.4288224956063269,0.013912818421008534,0.9489795918367347,0.9239766081871345,0.04353017956527761,0.1002,0.0043300000000000005,0.04516532804839888,0.01834000000000001,-0.0005899999999999933,0.031167459059693252,-0.00015130971666508543
0.10013126099706747,0.0037709798019883722,"(0.09863125844853388, 0.10163126354560106)",0.4007029876977153,0.014082261094116123,0.9805825242718447,0.935672514619883,0.03913417183117299,0.09984,0.003970000000000001,0.04141024303744656,0.018280000000000005,-0.0006499999999999978,0.03433703116745894,1.8132956442503886e-05
0.09949591591591592,0.003135634720836819,"(0.0980026054769921, 0.10098922635483973)",0.4147627416520211,0.013852815168379821,0.96,0.9122807017543859,0.03254073859009192,0.09929,0.0034200000000000064,0.035673307604047216,0.017509999999999998,-0.0014200000000000046,0.07501320655044925,-0.00021131296929379796
0.09994377581120945,0.0035834946161303477,"(0.09842976114726129, 0.1014577904751576)",0.40421792618629176,0.014171765471833209,0.9509803921568627,0.935672514619883,0.03718850310197464,0.09968,0.003810000000000008,0.03974131636591226,0.017825000000000008,-0.0011049999999999949,0.05837295298468012,0.00010763733415958959
0.09936934285714284,0.0030090616620637445,"(0.09790054087220687, 0.10083814484207881)",0.38488576449912126,0.013971417912227115,0.9809523809523809,0.9239766081871345,0.031227198849409443,0.098805,0.002935000000000007,0.030614373630958664,0.018930000000000002,0.0,0.0,-9.271022544650454e-05
0.09995994219653179,0.003599661001452689,"(0.09849238511039321, 0.10142749928267036)",0.39191564147627417,0.013879018091531362,0.9615384615384616,0.935672514619883,0.03735627331934888,0.09876499999999999,0.002894999999999995,0.030197141963074943,0.017712499999999992,-0.0012175000000000102,0.06431590068674116,-0.00018511004614225716
0.10003976401179941,0.003679482816720314,"(0.09858053054292527, 0.10149899748067355)",0.40421792618629176,0.013658992202629082,0.8921568627450981,0.9298245614035088,0.0381846417537044,0.09933,0.0034600000000000047,0.03609053927193079,0.01883500000000002,-9.499999999998399e-05,0.0050184891706277854,-0.0004051359350445375
0.09997264534883722,0.003612364153758124,"(0.09849213608225066, 0.10145315461542379)",0.3954305799648506,0.013960697779341143,0.9519230769230769,0.9298245614035088,0.03748810307480298,0.09986500000000001,0.003995000000000012,0.04167101282987392,0.018177499999999985,-0.000752500000000017,0.03975171685155927,-0.00010343035833247638
0.10048442477876106,0.004124143583681961,"(0.09899278881364944, 0.10197606074387268)",0.40421792618629176,0.013962292156264993,0.9607843137254902,0.9415204678362573,0.04279920660809125,0.09984,0.003970000000000001,0.04141024303744656,0.018375000000000002,-0.0005549999999999999,0.02931854199683042,-0.00010183598140862601
0.10084424778761061,0.004483966592531516,"(0.09937009926171396, 0.10231839631350727)",0.40421792618629176,0.013798602931081908,0.9411764705882353,0.935672514619883,0.04653334897865057,0.1003,0.004430000000000003,0.04620840721810789,0.017784999999999995,-0.0011450000000000071,0.06048600105652441,-0.0002655252065917116
0.09978008695652173,0.003419805761442629,"(0.09827757204488026, 0.1012826018681632)",0.3936731107205624,0.01418892793217689,0.9134615384615384,0.9239766081871345,0.03548978603040099,0.09916,0.0032900000000000013,0.03431730468342549,0.018979999999999997,4.999999999999449e-05,0.0026413100898042517,0.00012479979450327056
0.1005298753894081,0.004169594194328996,"(0.09899876001329733, 0.10206099076551886)",0.4358523725834798,0.01394333523531668,0.9587628865979382,0.9122807017543859,0.04327088031102516,0.09984,0.003970000000000001,0.04141024303744656,0.01763999999999999,-0.0012900000000000134,0.06814580031695791,-0.00012079290235693894
0.1005216369047619,0.004161355709682804,"(0.09900124987096769, 0.10204202393855612)",0.4094903339191564,0.014167846611643277,0.9603960396039604,0.9181286549707602,0.043185383625627224,0.1004,0.004530000000000006,0.0472514863878169,0.018327499999999997,-0.0006025000000000058,0.031827786582145044,0.00010371847396965783
0.09953323033707866,0.0031729491419995592,"(0.0981353594491293, 0.10093110122502802)",0.37434094903339193,0.013410989143878163,0.9345794392523364,0.9122807017543859,0.03292797719815698,0.099335,0.0034650000000000097,0.036142693230416294,0.017200000000000007,-0.0017299999999999954,0.09138932910723693,-0.0006531389937954567
0.10006720238095237,0.003706921185873277,"(0.09853628494154107, 0.10159811982036368)",0.4094903339191564,0.01426597502778019,0.9306930693069307,0.935672514619883,0.03846938946108618,0.09969,0.003820000000000004,0.039845624282883116,0.018199999999999994,-0.0007300000000000084,0.03856312731114677,0.00020184689010657036
0.0995494378698225,0.0031891566747433986,"(0.09806822925637494, 0.10103064648327005)",0.40597539543058,0.013844075980086905,0.9411764705882353,0.9298245614035088,0.033096174431942835,0.098695,0.002825000000000008,0.029466986544278796,0.018625000000000003,-0.0003049999999999997,0.016111991547807694,-0.0002200521575867146
0.09974448979591838,0.0033842086008392808,"(0.09822808855387677, 0.10126089103795999)",0.39718804920913886,0.014278200277857261,0.9514563106796117,0.9298245614035088,0.03512036867127889,0.09905,0.0031800000000000023,0.03316991759674562,0.018140000000000017,-0.0007899999999999852,0.041732699418910994,0.00021407214018364165
0.09972300613496933,0.0033627249398902326,"(0.09816321514781255, 0.10128279712212611)",0.4270650263620387,0.014315509357550505,0.8979591836734694,0.9122807017543859,0.03489741725724602,0.09917000000000001,0.0033000000000000113,0.03442161260039649,0.01902999999999999,9.999999999998899e-05,0.0052826201796085034,0.00025138121987688597
0.09990210191082803,0.0035418207157489334,"(0.0983204642104957, 0.10148373961116036)",0.44815465729349735,0.014244302713194077,0.9578947368421052,0.9298245614035088,0.036756023040017925,0.09889,0.003020000000000009,0.03150099092521132,0.020192500000000002,0.0012624999999999997,0.0666930797675647,0.00018017457552045764
0.09930342261904761,0.0029431414239685094,"(0.09776877320871839, 0.10083807202937682)",0.4094903339191564,0.01430075169342435,0.9702970297029703,0.9181286549707602,0.030543097088002364,0.098825,0.0029549999999999993,0.03082298946490038,0.01795250000000001,-0.0009774999999999923,0.0516376122556784,0.0002366235557507302
0.10006985119047618,0.00370956999539708,"(0.09856885623841634, 0.10157084614253602)",0.4094903339191564,0.013987139966962565,0.9108910891089109,0.9181286549707602,0.038496878064180236,0.0996,0.003729999999999997,0.03890685303014496,0.018250000000000002,-0.00068,0.03592181722134179,-7.698817071105472e-05
0.0996209756097561,0.0032606944146769956,"(0.09806389144015401, 0.10117805977935818)",0.4235500878734622,0.014334763681686588,0.9393939393939394,0.9239766081871345,0.03383857305351566,0.099665,0.0037950000000000067,0.039584854490455894,0.018475000000000005,-0.0004549999999999971,0.024035921817221185,0.0002706355440129683
0.10006110465116279,0.0037008234560836906,"(0.0985896987652038, 0.10153251053712177)",0.3954305799648506,0.013874856002744242,0.9230769230769231,0.935672514619883,0.03840610892979299,0.099665,0.0037950000000000067,0.039584854490455894,0.018449999999999994,-0.0004800000000000082,0.025356576862124044,-0.00018927213492937744
0.09952070796460177,0.0031604267695226756,"(0.09804162856348905, 0.1009997873657145)",0.40421792618629176,0.01384475783882284,0.9411764705882353,0.9181286549707602,0.032798023525112664,0.09916,0.0032900000000000013,0.03431730468342549,0.018435000000000007,-0.0004949999999999954,0.026148969889064733,-0.00021937029885077917
0.10014799410029498,0.003787712905215887,"(0.0986436799233873, 0.10165230827720267)",0.40421792618629176,0.014080965144350538,0.9215686274509803,0.9239766081871345,0.03930782328818398,0.0995,0.0036300000000000082,0.037863773860436094,0.01796500000000001,-0.0009649999999999936,0.05097728473322734,1.6837006676918148e-05
0.1007876829268293,0.0044274017317502,"(0.09928474874226458, 0.10229061711139402)",0.4235500878734622,0.01383625033601701,0.9595959595959596,0.9181286549707602,0.04594633470181589,0.09998,0.0041100000000000025,0.042870553875039144,0.017265000000000003,-0.0016649999999999998,0.08795562599049127,-0.00022787780165660874
0.10060891373801917,0.00424863254294007,"(0.09898110627646554, 0.10223672119957279)",0.44991212653778556,0.014636564902653432,0.9468085106382979,0.935672514619883,0.04409111814793083,0.1005,0.004630000000000009,0.04829456555752591,0.01883,-0.00010000000000000286,0.005282620179609236,0.000572436764979813
0.10035978260869567,0.003999501413616574,"(0.09876340396499986, 0.10195616125239149)",0.43409490333919154,0.01456046403919552,0.9381443298969072,0.9415204678362573,0.041505705089420385,0.09993,0.004060000000000008,0.04234901429018471,0.018907500000000008,-2.2499999999994746e-05,0.0011885895404117666,0.0004963359015219011
0.09967708092485549,0.0033167997297763874,"(0.09814635092999004, 0.10120781091972093)",0.39191564147627417,0.01447645852597595,0.8942307692307693,0.9298245614035088,0.03442081829401893,0.099665,0.0037950000000000067,0.039584854490455894,0.0194125,0.0004824999999999968,0.02548864236661367,0.0004123303883023302
0.10025577586206896,0.0038954946669898655,"(0.09877887765052662, 0.1017326740736113)",0.3884007029876977,0.014007953349193839,0.9523809523809523,0.9005847953216374,0.04042635221355912,0.1001,0.004229999999999998,0.04412224887868987,0.01880499999999999,-0.000125000000000014,0.006603275224512096,-5.617478847978058e-05
0.0998369578313253,0.0034766766362462065,"(0.0983107103946487, 0.10136320526800191)",0.4165202108963093,0.014136926858025155,0.96,0.9415204678362573,0.036079976035019626,0.0994,0.0035300000000000054,0.03682069469072708,0.018602500000000008,-0.00032749999999999446,0.017300581088219462,7.279872035153602e-05
0.09981201754385965,0.003451736348780557,"(0.09831423580810185, 0.10130979927961746)",0.3989455184534271,0.014082162081138562,0.9514563106796117,0.9181286549707602,0.035821152719475766,0.09911,0.0032400000000000068,0.03379576509857105,0.017352500000000007,-0.0015774999999999956,0.08333333333333309,1.803394346494222e-05
0.09950326153846153,0.003142980343382437,"(0.09789314816957649, 0.10111337490734658)",0.4288224956063269,0.01475450775885383,0.9387755102040817,0.9239766081871345,0.032616969402772374,0.09934,0.003470000000000001,0.03619484718890165,0.01962,0.0006899999999999962,0.036450079239302484,0.0006903796211802111
0.09990788059701491,0.0035475994019358165,"(0.09835079244296963, 0.1014649687510602)",0.4112478031634446,0.014488083498473983,0.9306930693069307,0.9005847953216374,0.036815992626191965,0.09947,0.003600000000000006,0.03755085010952337,0.019144999999999995,0.00021499999999999297,0.011357633386159163,0.0004239553608003637
0.09969889937106917,0.0033386181759900713,"(0.09810414095931108, 0.10129365778282726)",0.44112478031634444,0.014454367542583382,0.9375,0.9181286549707602,0.034647244015727996,0.099055,0.0031850000000000073,0.03322207155523112,0.018305000000000002,-0.0006250000000000006,0.03301637612255681,0.00039023940490976253
0.09971453521126762,0.0033542540161885237,"(0.0982440458848975, 0.10118502453763774)",0.37609841827768015,0.014087716651296016,0.9345794392523364,0.9122807017543859,0.034809508384454756,0.09916,0.0032900000000000013,0.03431730468342549,0.018890000000000004,-3.999999999999837e-05,0.0021130480718435482,2.3588513622396085e-05
0.09921017441860466,0.0028498932235255653,"(0.09764212015496794, 0.10077822868224139)",0.3954305799648506,0.014786217263409297,0.9038461538461539,0.935672514619883,0.029575393390104624,0.09890499999999999,0.003034999999999996,0.03165745280066753,0.02028250000000001,0.0013525000000000065,0.07144743792921322,0.0007220891257356775
0.10102439393939394,0.004664112744314844,"(0.09952975769455875, 0.10251903018422913)",0.4200351493848858,0.01380205688481376,0.9393939393939394,0.9122807017543859,0.048402855268473724,0.1007,0.004830000000000001,0.05038072389694379,0.01716000000000001,-0.0017699999999999938,0.09350237717908048,-0.0002620712528598589
0.10012547337278106,0.003765192177701965,"(0.09860789012915366, 0.10164305661640846)",0.40597539543058,0.01418405047077347,0.9313725490196079,0.9473684210526315,0.03907410948790636,0.09969,0.003820000000000004,0.039845624282883116,0.019112500000000004,0.0001825000000000021,0.009640781827786693,0.00011992233309985126
0.1006566081871345,0.004296326992055399,"(0.09918082002104711, 0.10213239635322188)",0.3989455184534271,0.013875378271824102,0.9514563106796117,0.9005847953216374,0.04458607777780959,0.10064999999999999,0.004779999999999993,0.04985918431208921,0.018460000000000004,-0.0004699999999999982,0.024828314844162605,-0.0001887498658495173
0.09968873900293254,0.003328457807853444,"(0.09826669138070106, 0.10111078662516403)",0.4007029876977153,0.013350407920378452,0.9514563106796117,0.9298245614035088,0.03454180256194002,0.09905,0.0031800000000000023,0.03316991759674562,0.017,-0.0019300000000000012,0.10195456946645541,-0.0007137202172951673
0.09992803030303028,0.0035677491079511847,"(0.09842205731940157, 0.101434003286659)",0.4200351493848858,0.013906744774095946,0.9494949494949495,0.9298245614035088,0.03702510062967086,0.099085,0.0032150000000000095,0.03353499530614384,0.018185000000000007,-0.0007449999999999957,0.03935552033808746,-0.0001573833635776737
0.09936423423423424,0.003003953039155141,"(0.09784662957566789, 0.10088183889280058)",0.4147627416520211,0.014078182463481909,0.9,0.9298245614035088,0.03117418299219893,0.09947,0.003600000000000006,0.03755085010952337,0.01915,0.00021999999999999797,0.01162176439513988,1.4054325808289525e-05
0.09942376899696048,0.0030634878018813844,"(0.097953263709357, 0.10089427428456396)",0.421792618629174,0.013558479360924707,0.98989898989899,0.9181286549707602,0.031792018079310355,0.09906,0.0031899999999999984,0.03327422551371648,0.018390000000000004,-0.0005399999999999988,0.028526148969889,-0.0005056487767489126
0.10011253012048194,0.0037522489254028374,"(0.0986182369308789, 0.10160682331008497)",0.4165202108963093,0.013840949388823885,0.93,0.935672514619883,0.038939788041988985,0.09919,0.0033200000000000035,0.0346302284343382,0.017847500000000002,-0.0010825000000000001,0.05718436344426836,-0.00022317874884973492
0.09961585294117647,0.003255571746097377,"(0.09808036416713732, 0.10115134171521563)",0.4024604569420035,0.01439410722723592,0.9215686274509803,0.9122807017543859,0.03378541143426667,0.09894,0.0030700000000000033,0.03202253051006575,0.0193575,0.0004274999999999973,0.022583201267828697,0.00032997908956230136
0.10031703703703702,0.003956755841957926,"(0.09877014858330635, 0.1018639254907677)",0.4305799648506151,0.01415314807672117,0.9387755102040817,0.9122807017543859,0.04106210352320961,0.10025,0.004380000000000009,0.045686867633253456,0.018352499999999994,-0.0005775000000000086,0.03050713153724292,8.901993904755073e-05
0.09926314024390244,0.002902859048823342,"(0.09765349301853216, 0.10087278746927272)",0.4235500878734622,0.014818667504957162,0.9494949494949495,0.9181286549707602,0.030125057885069605,0.09911,0.0032400000000000068,0.03379576509857105,0.0190925,0.00016249999999999598,0.008584257791864551,0.0007545393672835424
0.0996503003003003,0.003290019105221198,"(0.09812179454403222, 0.10117880605656837)",0.4147627416520211,0.01417930737874292,0.92,0.9239766081871345,0.03414289647578583,0.09905,0.0031800000000000023,0.03316991759674562,0.01870999999999999,-0.00022000000000001185,0.011621764395140614,0.00011517924106929991
0.09984425595238094,0.003483974757301847,"(0.09831489619678094, 0.10137361570798095)",0.4094903339191564,0.014251459628202748,0.9603960396039604,0.9239766081871345,0.03615571389054607,0.09968,0.003810000000000008,0.03974131636591226,0.018992499999999995,6.249999999999312e-05,0.0033016376122553147,0.00018733149052912838
0.09999616045845273,0.003635879263373637,"(0.09852425716303492, 0.10146806375387055)",0.3866432337434095,0.013980762527406805,0.9333333333333333,0.9181286549707602,0.03773213629392473,0.09934,0.003470000000000001,0.03619484718890165,0.01831999999999999,-0.0006100000000000133,0.032223983095616124,-8.336561026681469e-05
0.09998634218289086,0.0036260609878117633,"(0.09847508121578279, 0.10149760314999894)",0.40421792618629176,0.01414598979955774,0.9117647058823529,0.9298245614035088,0.03763024498102999,0.09906,0.0031899999999999984,0.03327422551371648,0.018775,-0.00015500000000000236,0.008188061278394207,8.186166188412121e-05
0.1000632738095238,0.0037029926144447056,"(0.09855768137066359, 0.10156886624838402)",0.4094903339191564,0.014029982010691494,0.9702970297029703,0.9181286549707602,0.03842861984750839,0.099245,0.003375000000000003,0.03520392197767814,0.017740000000000006,-0.0011899999999999966,0.06286318013734794,-3.414612698212499e-05
0.09971255747126437,0.0033522762761852704,"(0.09829147825008896, 0.10113363669243977)",0.3884007029876977,0.013478526333202867,0.9333333333333333,0.9298245614035088,0.03478898395282457,0.09876499999999999,0.002894999999999995,0.030197141963074943,0.01783,-0.0011000000000000038,0.05810882197570014,-0.000585601804470752
0.09988548192771084,0.003525200732631739,"(0.09836692220076187, 0.1014040416546598)",0.4165202108963093,0.014065719144574624,0.94,0.9122807017543859,0.03658354551181782,0.099905,0.004034999999999997,0.042088244497757346,0.018017500000000006,-0.0009124999999999966,0.04820390913893273,1.591006901004513e-06
0.09975672897196261,0.0033964477768835127,"(0.09817464611948648, 0.10133881182443874)",0.4358523725834798,0.014407478316986607,0.9484536082474226,0.9122807017543859,0.03524738341109118,0.09997,0.004100000000000006,0.042766245958068286,0.019159999999999996,0.0002299999999999941,0.012150026413100585,0.0003433501793129873
0.1005609638554217,0.004200682660342597,"(0.09914613101425904, 0.10197579669658435)",0.4165202108963093,0.013104944788900858,0.92,0.9298245614035088,0.043593507700941794,0.10014999999999999,0.004279999999999992,0.044643788463544304,0.01710500000000001,-0.0018249999999999933,0.09640781827786546,-0.0009591833487727613
0.0996388379204893,0.003278556725410206,"(0.09807595907498008, 0.10120171676599853)",0.4253075571177504,0.01436599685077908,0.898989898989899,0.9064327485380117,0.03402394310963919,0.09947,0.003600000000000006,0.03755085010952337,0.018439999999999984,-0.0004900000000000182,0.02588483888008548,0.0003018687131054604
0.09937413223140497,0.003013851036325871,"(0.09795223408345631, 0.10079603037935363)",0.36203866432337434,0.01377587770831319,0.944954128440367,0.9239766081871345,0.03127690163361397,0.09916,0.0032900000000000013,0.03431730468342549,0.017894999999999994,-0.0010350000000000081,0.054675118858954465,-0.00028825042936042947
0.10034513353115727,0.003984852336078176,"(0.09883570422693869, 0.10185456283537586)",0.4077328646748682,0.01408680375164904,0.9215686274509803,0.9239766081871345,0.04135368106710832,0.1001,0.004229999999999998,0.04412224887868987,0.01861,-0.00032000000000000084,0.016904384574749118,2.267561397542063e-05
0.09917769911504425,0.0028174179199651483,"(0.09763435962362321, 0.10072103860646528)",0.40421792618629176,0.0144462572501122,0.9019607843137255,0.9298245614035088,0.029238373788691555,0.0988,0.002930000000000002,0.030562219672473162,0.01871500000000001,-0.00021499999999999297,0.011357633386159163,0.00038212911243858116
0.09918232954545457,0.0028220483503754723,"(0.09768652400278949, 0.10067813508811965)",0.38137082601054484,0.014269156174055296,0.9245283018867925,0.9122807017543859,0.029286427098134993,0.098695,0.002825000000000008,0.029466986544278796,0.018997500000000014,6.7500000000012e-05,0.0035657686212367664,0.00020502803638167665
0.09985739549839229,0.0034971143033131896,"(0.09824195743291417, 0.10147283356387041)",0.45342706502636204,0.014478499497904414,0.9574468085106383,0.9239766081871345,0.036292072417611204,0.1,0.004130000000000009,0.043079169708981006,0.018885000000000013,-4.499999999998949e-05,0.0023771790808235333,0.00041437136023079503
0.09965633633633632,0.0032960551412572203,"(0.09814867749692789, 0.10116399517574474)",0.4147627416520211,0.013985919266961282,0.95,0.9298245614035088,0.03420553676658991,0.09883,0.0029600000000000043,0.03087514342338588,0.01826,-0.0006700000000000039,0.03539355520338108,-7.820887071233705e-05
0.09946965909090909,0.00310937789582999,"(0.09798097928873575, 0.10095833889308242)",0.38137082601054484,0.014201180557551518,0.9150943396226415,0.9122807017543859,0.03226825261681344,0.09881000000000001,0.002940000000000012,0.030666527589444166,0.017799999999999996,-0.001130000000000006,0.059693608029582984,0.00013705241987789843
0.10002021341463414,0.0036599322195550454,"(0.09847576066207539, 0.1015646661671929)",0.4235500878734622,0.014218476854156153,0.898989898989899,0.9298245614035088,0.0379817511340134,0.099335,0.0034650000000000097,0.036142693230416294,0.019070000000000004,0.00014000000000000123,0.007395668251452785,0.00015434871648253336
0.09928142011834319,0.002921138923264094,"(0.09773837083196361, 0.10082446940472277)",0.40597539543058,0.014422068146050585,0.9509803921568627,0.935672514619883,0.030314761300356912,0.09875500000000001,0.0028850000000000126,0.03009283404610423,0.01815,-0.0007800000000000029,0.04120443740095102,0.0003579400083769651
0.0995914404432133,0.003231159248134205,"(0.09810030349909156, 0.10108257738733505)",0.3655536028119508,0.014406567411636489,0.9174311926605505,0.9239766081871345,0.03353206537030335,0.09929,0.0034200000000000064,0.035673307604047216,0.019089999999999996,0.00015999999999999348,0.008452192287374193,0.0003424392739628697
0.09947408284023668,0.0031138016451575795,"(0.09792016535082114, 0.10102800032965221)",0.40597539543058,0.014523647509842346,0.9313725490196079,0.9064327485380117,0.03231416104788821,0.09901499999999999,0.003144999999999995,0.0328048398873474,0.019602499999999995,0.0006724999999999925,0.03552562070787071,0.00045951937216872664
0.1001046647230321,0.0037443835279530047,"(0.0986508737902288, 0.1015584556558354)",0.39718804920913886,0.01368867126008923,0.9320388349514563,0.935672514619883,0.03885816315098323,0.09965,0.0037800000000000056,0.03942839261499954,0.017384999999999984,-0.0015450000000000186,0.08161648177496135,-0.0003754568775843903
0.09918979827089337,0.002829517075814275,"(0.09766017303244148, 0.10071942350934526)",0.39015817223198596,0.014487047542235084,0.9333333333333333,0.935672514619883,0.029363935438149927,0.09898,0.0031100000000000017,0.032439762177949326,0.01908499999999999,0.00015499999999998848,0.008188061278393473,0.00042291940456146496
0.10014257703081234,0.0037822958357332376,"(0.09869631004059179, 0.10158884402103288)",0.37258347978910367,0.013894902592654565,0.9444444444444444,0.935672514619883,0.039251606458848634,0.0995,0.0036300000000000082,0.037863773860436094,0.018309999999999993,-0.0006200000000000094,0.03275224511357683,-0.00016922554501905447
0.10050501618122977,0.004144734986150672,"(0.09892047126710513, 0.10208956109535441)",0.45694200351493847,0.01415551876281977,0.9247311827956989,0.9415204678362573,0.04301289841360835,0.1003,0.004430000000000003,0.04620840721810789,0.018140000000000003,-0.000789999999999999,0.04173269941891172,9.139062514615034e-05
0.09967689655172413,0.003316615356645028,"(0.09817747439270515, 0.1011763187107431)",0.3884007029876977,0.014221586491292921,0.9047619047619048,0.9239766081871345,0.03441890492131939,0.099495,0.0036250000000000032,0.037811619901950595,0.018097500000000002,-0.0008324999999999999,0.043977812995245634,0.00015745835361930145
0.09999822289156626,0.0036379416964871653,"(0.09848254647213536, 0.10151389931099716)",0.4165202108963093,0.014039012395385317,0.9,0.9415204678362573,0.03775353964692402,0.098935,0.0030649999999999983,0.03197037655158025,0.018547499999999995,-0.00038250000000000783,0.020206022187005165,-2.5115742288302906e-05
0.09950303834808259,0.003142757153003495,"(0.09801221224988543, 0.10099386444627975)",0.40421792618629176,0.013954711487300315,0.9313725490196079,0.9239766081871345,0.032614653195553234,0.09867,0.002799999999999997,0.029206216751851435,0.017625000000000002,-0.0013050000000000006,0.0689381933438986,-0.00010941665037330489
0.09965972972972972,0.003299448534650626,"(0.09809749516349214, 0.1012219642959673)",0.4147627416520211,0.014492195414732102,0.92,0.9298245614035088,0.034240752452465044,0.09996,0.004089999999999996,0.04266193804109728,0.01837000000000001,-0.0005599999999999911,0.029582673005810405,0.0004280672770584828
0.10015257971014492,0.003792298515065823,"(0.0986650031418699, 0.10164015627841994)",0.3936731107205624,0.014047858398816233,0.9519230769230769,0.9181286549707602,0.03935541146240955,0.09883,0.0029600000000000043,0.03087514342338588,0.01861,-0.00032000000000000084,0.016904384574749118,-1.6269738857386043e-05
0.09871222535211267,0.0023519441570335753,"(0.09719668874999823, 0.10022776195422711)",0.37609841827768015,0.014519282692081446,0.9439252336448598,0.9064327485380117,0.024407817493518107,0.09847,0.002600000000000005,0.02712005841243356,0.019185000000000008,0.0002550000000000052,0.013470681458003444,0.0004551545544078262
0.09960318181818181,0.003242900623102715,"(0.09809611908262617, 0.10111024455373746)",0.38137082601054484,0.014376543557545557,0.9622641509433962,0.9415204678362573,0.033653914070025805,0.099485,0.003615000000000007,0.03770731198497974,0.017847500000000002,-0.0010825000000000001,0.05718436344426836,0.0003124154198719375
0.0998508656716418,0.003490584476562697,"(0.09834306141007862, 0.10135866993320497)",0.4112478031634446,0.014029516558923599,0.9504950495049505,0.9298245614035088,0.036224307705122735,0.09929,0.0034200000000000064,0.035673307604047216,0.017720000000000014,-0.0012099999999999889,0.06391970417326935,-3.4611578750020494e-05
0.09992245283018868,0.003562171635109579,"(0.09832528060004202, 0.10151962506033534)",0.44112478031634444,0.014476245601298855,0.9375,0.9298245614035088,0.036967219179218115,0.099665,0.0037950000000000067,0.039584854490455894,0.01837000000000001,-0.0005599999999999911,0.029582673005810405,0.00041211746362523546
0.09974867069486405,0.003388389499784955,"(0.09825060504264028, 0.10124673634708782)",0.4182776801405975,0.013854824716486414,0.96,0.9298245614035088,0.035163756869132014,0.09984,0.003970000000000001,0.04141024303744656,0.018010000000000012,-0.0009199999999999903,0.048600105652403074,-0.00020930342118720587
0.09943008403361343,0.0030698028385343357,"(0.09794693339101526, 0.1009132346762116)",0.37258347978910367,0.014249259540931543,0.9351851851851852,0.9239766081871345,0.03185755376034647,0.09867,0.002799999999999997,0.029206216751851435,0.01855000000000001,-0.00037999999999999146,0.020073956682514073,0.00018513140325792342
0.10022246200607904,0.0038621808109999406,"(0.09866508292745566, 0.10177984108470242)",0.421792618629174,0.014359480562673638,0.9393939393939394,0.9473684210526315,0.040080630349978406,0.1,0.004130000000000009,0.043079169708981006,0.018320000000000003,-0.0006099999999999994,0.03222398309561539,0.0002953524250000183
0.099589,0.0032287188049208992,"(0.09809554054655739, 0.1010824594534426)",0.38488576449912126,0.014205962664138594,0.9047619047619048,0.9239766081871345,0.03350673913439952,0.099055,0.0031850000000000073,0.03322207155523112,0.017845000000000014,-0.0010849999999999888,0.057316428948757984,0.00014183452646497445
0.10065676646706587,0.004296485271986769,"(0.09917347053463912, 0.10214006239949261)",0.4130052724077329,0.01378071123438405,0.900990099009901,0.9181286549707602,0.04458772036259044,0.09977,0.0039000000000000007,0.04068008761865027,0.0181925,-0.000737500000000002,0.038959323824617115,-0.00028341690328956975
0.09915463343108503,0.002794352236005937,"(0.09763369994747394, 0.10067556691469613)",0.4007029876977153,0.014278764022056844,0.941747572815534,0.9415204678362573,0.028999004583110725,0.09898,0.0031100000000000017,0.032439762177949326,0.018450000000000008,-0.0004799999999999943,0.02535657686212331,0.00021463588438322412
0.1007980547112462,0.004437773516167101,"(0.09927499913623235, 0.10232111028626005)",0.421792618629174,0.014043008041828188,0.898989898989899,0.9181286549707602,0.04605397017452589,0.1006,0.004729999999999998,0.04933764472723478,0.018640000000000004,-0.0002899999999999986,0.015319598520866274,-2.1120095845431758e-05
0.10004416666666667,0.0036838854715875724,"(0.09856428945685582, 0.10152404387647752)",0.3884007029876977,0.014036208288123572,0.9142857142857143,0.9239766081871345,0.0382303312723801,0.09890499999999999,0.003034999999999996,0.03165745280066753,0.018902500000000003,-2.7499999999999747e-05,0.001452720549392485,-2.791984955004788e-05
0.10033893805309736,0.003978656858018265,"(0.09882683026545805, 0.10185104584073668)",0.40421792618629176,0.014153916368732518,0.9705882352941176,0.9239766081871345,0.04128938613165282,0.1001,0.004229999999999998,0.04412224887868987,0.018354999999999996,-0.0005750000000000061,0.03037506603275256,8.978823105889808e-05
0.09949953488372093,0.0031392536886418326,"(0.09801297439060903, 0.10098609537683283)",0.3954305799648506,0.014017758783024878,0.9326923076923077,0.9298245614035088,0.03257829522400924,0.09881000000000001,0.002940000000000012,0.030666527589444166,0.019085000000000005,0.00015500000000000236,0.008188061278394207,-4.6369354648741895e-05
0.09944311377245509,0.003082832577375988,"(0.09789092714187789, 0.10099530040303228)",0.4130052724077329,0.014420747249579898,0.9504950495049505,0.9122807017543859,0.03199277273937035,0.09851,0.0026400000000000035,0.027537290080317134,0.01918750000000001,0.0002575000000000077,0.013602746962493802,0.0003566191119062784
0.10038160120845921,0.004021320013380111,"(0.098837096723188, 0.10192610569373042)",0.4182776801405975,0.014284313164442921,0.93,0.9122807017543859,0.0417321324046268,0.1003,0.004430000000000003,0.04620840721810789,0.01842500000000001,-0.0005049999999999916,0.026677231907025437,0.00022018502676930153
0.10027754929577463,0.003917268100695537,"(0.09881129994948509, 0.10174379864206418)",0.37609841827768015,0.014047096405428793,0.9532710280373832,0.9239766081871345,0.04065231080807164,0.09996,0.004089999999999996,0.04266193804109728,0.018740000000000007,-0.00018999999999999573,0.010036978341257037,-1.7031732244826223e-05
0.09903470085470084,0.0026744196596217434,"(0.0975109197289635, 0.10055848198043818)",0.38312829525483305,0.01451522179778276,0.9245283018867925,0.935672514619883,0.027754377908128396,0.0988,0.002930000000000002,0.030562219672473162,0.01964500000000001,0.0007150000000000073,0.03777073428420535,0.0004510936601091406
0.10027710843373494,0.003916827238655843,"(0.09882000374456545, 0.10173421312290443)",0.4165202108963093,0.013496489442189442,0.93,0.9415204678362573,0.04064773566534451,0.10005,0.004180000000000003,0.04360070929383544,0.017327499999999996,-0.0016025000000000067,0.08465398837823594,-0.0005676386954841777
0.0995267688022284,0.0031664876071492987,"(0.09807826453294095, 0.10097527307151584)",0.36906854130052724,0.013955590082763614,0.9444444444444444,0.935672514619883,0.032860921199875076,0.09905,0.0031800000000000023,0.03316991759674562,0.01827000000000001,-0.0006599999999999939,0.034865293185419644,-0.0001085380549100054
0.10025611428571429,0.003895833090635195,"(0.09877901751694416, 0.10173321105448442)",0.38488576449912126,0.014050318875479683,0.9428571428571428,0.9298245614035088,0.04042986427933075,0.09976,0.0038900000000000046,0.04057577970167941,0.018507499999999996,-0.0004225000000000062,0.022319070258848713,-1.3809262193936744e-05
0.09984265129682995,0.0034823701017508563,"(0.09842083053531255, 0.10126447205834736)",0.39015817223198596,0.013466033673376343,0.9238095238095239,0.9181286549707602,0.0361390612248306,0.0995,0.0036300000000000082,0.037863773860436094,0.017970000000000014,-0.0009599999999999886,0.05071315372424662,-0.0005980944642972764
0.09988695652173914,0.0035266753266600392,"(0.09834399556001223, 0.10142991748346604)",0.43409490333919154,0.014073244894516406,0.9690721649484536,0.9415204678362573,0.03659884843549147,0.099965,0.004095000000000001,0.04271409199958279,0.018350000000000005,-0.0005799999999999972,0.030639197041732548,9.116756842786344e-06
0.10032223880597016,0.003961957610891062,"(0.09878193927025589, 0.10186253834168443)",0.4112478031634446,0.014331872108918422,0.9306930693069307,0.9181286549707602,0.04111608602376505,0.0995,0.0036300000000000082,0.037863773860436094,0.018415000000000015,-0.0005149999999999877,0.02720549392498614,0.00026774397124480244
0.0997290350877193,0.0033687538926402,"(0.09821076696035648, 0.10124730321508212)",0.3989455184534271,0.014274775383966463,0.9320388349514563,0.935672514619883,0.03495998403969201,0.09968,0.003810000000000008,0.03974131636591226,0.017935000000000006,-0.0009949999999999959,0.052562070787110185,0.00021064724629284333
0.10007221556886228,0.003711934373783185,"(0.09852803566687153, 0.10161639547085304)",0.4130052724077329,0.014346359925938065,0.9603960396039604,0.9122807017543859,0.03852141492061924,0.099495,0.0036250000000000032,0.037811619901950595,0.01902000000000001,9.000000000000674e-05,0.004754358161648533,0.0002822317882644459
0.09901541176470588,0.002655130569626782,"(0.09745321654778431, 0.10057760698162745)",0.4024604569420035,0.014644460996671983,0.9117647058823529,0.9239766081871345,0.02755420113658171,0.098825,0.0029549999999999993,0.03082298946490038,0.0201625,0.0012324999999999975,0.06510829371368185,0.0005803328589983631
0.09981824074074075,0.0034579595456616513,"(0.09822867645230517, 0.10140780502917633)",0.4305799648506151,0.01454360765150146,0.9693877551020408,0.9239766081871345,0.035885735313091235,0.09901499999999999,0.003144999999999995,0.0328048398873474,0.020142499999999994,0.0012124999999999914,0.0640517696777597,0.00047947951382784106
0.0999945398773006,0.003634258682221503,"(0.09847443412137491, 0.10151464563322629)",0.4270650263620387,0.013951284725068992,0.9693877551020408,0.9239766081871345,0.03771531835678263,0.099795,0.003924999999999998,0.04094085741107748,0.017907500000000007,-0.0010224999999999956,0.054014791336502666,-0.00011284341260462717
0.10002392757660168,0.003663646381522584,"(0.09860680048644528, 0.10144105466675808)",0.36906854130052724,0.013653287176799965,0.9351851851851852,0.935672514619883,0.03802029566627788,0.09965,0.0037800000000000056,0.03942839261499954,0.01768,-0.0012500000000000011,0.06603275224511362,-0.00041084096087365407
0.1000556936416185,0.003695412446539398,"(0.09855162882946515, 0.10155975845377184)",0.39191564147627417,0.014224279883815522,0.9903846153846154,0.9298245614035088,0.038349954988800034,0.09969,0.003820000000000004,0.039845624282883116,0.018735,-0.00019500000000000073,0.010301109350237755,0.00016015174614190247
0.10038832335329342,0.004028042158214326,"(0.09890347315648144, 0.1018731735501054)",0.4130052724077329,0.01379515128522394,0.9801980198019802,0.9239766081871345,0.041801892940304425,0.099575,0.003705,0.038646083237717746,0.018032499999999993,-0.0008975000000000094,0.04741151611199204,-0.0002689768524496792
0.09981472463768117,0.0034544434426020676,"(0.09827487426347532, 0.10135457501188701)",0.3936731107205624,0.01454150359284815,0.9230769230769231,0.9239766081871345,0.035849246180681325,0.0997,0.00383,0.039949932199853974,0.01851,-0.0004200000000000037,0.022187004754358353,0.0004773754551745304
0.09904163265306122,0.002681351457982123,"(0.0975656980487314, 0.10051756725739104)",0.39718804920913886,0.01389717265680202,0.9805825242718447,0.9239766081871345,0.027826314169359788,0.09879,0.002920000000000006,0.030457911755502304,0.01935999999999999,0.00042999999999998595,0.022715266772318325,-0.00016695548087159937
0.0999920760233918,0.003631794828312704,"(0.09848908118398675, 0.10149507086279685)",0.3989455184534271,0.014131175744981465,0.9320388349514563,0.9239766081871345,0.03768974917124019,0.09986500000000001,0.003995000000000012,0.04167101282987392,0.018482499999999985,-0.00044750000000001733,0.023639725303751573,6.704760730784527e-05
0.09971645161290323,0.003356170417824128,"(0.09822312314441564, 0.10120978008139081)",0.4007029876977153,0.014019603775391633,0.9514563106796117,0.9239766081871345,0.03482939626369127,0.09905,0.0031800000000000023,0.03316991759674562,0.01872,-0.00021000000000000185,0.011093502377179177,-4.452436228198631e-05
0.10123088607594936,0.004870604880870266,"(0.09967045455699215, 0.10279131759490658)",0.4446397188049209,0.014098351040796217,0.9473684210526315,0.9415204678362573,0.05054577280663848,0.1007,0.004830000000000001,0.05038072389694379,0.01657,-0.002360000000000001,0.12466983623877446,3.422290312259796e-05
0.10035930930930932,0.003999028114230224,"(0.09884981660887085, 0.1018688020097478)",0.4147627416520211,0.014002931227255398,0.94,0.9239766081871345,0.041500793320997965,0.09947,0.003600000000000006,0.03755085010952337,0.0184,-0.0005300000000000027,0.027997886951928296,-6.119691041822119e-05
0.10012266483516483,0.0037623836400857286,"(0.09865835442093146, 0.10158697524939819)",0.3602811950790861,0.014206442366927079,0.9272727272727272,0.935672514619883,0.03904496327142168,0.09968,0.003810000000000008,0.03974131636591226,0.018879999999999994,-5.000000000000837e-05,0.002641310089804985,0.00014231422925345925
0.09956629411764707,0.0032060129225679745,"(0.09801858776973811, 0.10111400046555603)",0.4024604569420035,0.01450863822955385,0.9411764705882353,0.9298245614035088,0.033271103849079456,0.09956000000000001,0.0036900000000000127,0.03848962136226153,0.019822500000000007,0.0008925000000000044,0.04714738510301132,0.00044451009188023125
0.09955846607669618,0.0031981848816170777,"(0.0980397107693054, 0.10107722138408695)",0.40421792618629176,0.014216139736266831,0.9509803921568627,0.9415204678362573,0.0331898666333531,0.09905,0.0031800000000000023,0.03316991759674562,0.018714999999999996,-0.00021500000000000685,0.011357633386159896,0.00015201159859321196
0.09953057471264368,0.003170293517564579,"(0.09805569886695147, 0.10100545055833589)",0.3884007029876977,0.013988771792697785,0.8952380952380953,0.9239766081871345,0.03290041787182413,0.09881000000000001,0.002940000000000012,0.030666527589444166,0.018582500000000016,-0.0003474999999999867,0.01835710512414087,-7.535634497583474e-05
0.0993530959752322,0.002992814780153105,"(0.09785281824594311, 0.1008533737045213)",0.43233743409490333,0.013705326899283577,0.9175257731958762,0.9181286549707602,0.031058593260995398,0.09874,0.0028699999999999976,0.029936372170647728,0.017875000000000002,-0.0010550000000000004,0.05573164289487587,-0.0003588012383900427
0.0991961931818182,0.0028359119867391036,"(0.09767977178248302, 0.10071261458115338)",0.38137082601054484,0.014465820025135509,0.9150943396226415,0.9239766081871345,0.0294303000320004,0.09873,0.0028600000000000014,0.02983206425367687,0.01895250000000001,2.2500000000008624e-05,0.0011885895404124998,0.0004016918874618896
0.10079564024390243,0.004435359048823334,"(0.09926810867052273, 0.10232317181728214)",0.4235500878734622,0.014062697796426006,0.9292929292929293,0.9298245614035088,0.04602891350891822,0.10045000000000001,0.004580000000000015,0.04777302597267148,0.017589999999999995,-0.0013400000000000079,0.07078711040676217,-1.4303412476136812e-06
0.10017485119047619,0.003814569995397088,"(0.09870782150729683, 0.10164188087365554)",0.4094903339191564,0.013670631927282018,0.9504950495049505,0.935672514619883,0.039586538645259677,0.09968,0.003810000000000008,0.03974131636591226,0.016722499999999987,-0.002207500000000015,0.11661384046487136,-0.00039349621039160183
0.09901534534534535,0.0026550641502662564,"(0.09750794798041287, 0.10052274271027783)",0.4147627416520211,0.013983493677819083,0.95,0.9122807017543859,0.027553511855067568,0.0988,0.002930000000000002,0.030562219672473162,0.01965,0.0007199999999999984,0.03803486529318533,-8.063445985453596e-05
0.1003922619047619,0.004031980709682803,"(0.09886809631499444, 0.10191642749452937)",0.4094903339191564,0.014203057383803638,0.9603960396039604,0.9239766081871345,0.04184276612394015,0.09993,0.004060000000000008,0.04234901429018471,0.01855749999999999,-0.0003725000000000117,0.01967776016904446,0.00013892924613001859
0.09971568914956012,0.0033554079544810267,"(0.09817920481824946, 0.10125217348087079)",0.4007029876977153,0.014424757839036762,0.912621359223301,0.9181286549707602,0.03482148363274369,0.09929,0.0034200000000000064,0.035673307604047216,0.018740000000000007,-0.00018999999999999573,0.010036978341257037,0.0003606297013631424
0.09952005780346823,0.0031597766083891338,"(0.09810810633969881, 0.10093200926723765)",0.39191564147627417,0.013353143189531343,0.9134615384615384,0.935672514619883,0.03279127633503104,0.099155,0.0032849999999999963,0.034265150724939984,0.0175,-0.0014300000000000007,0.07554146856840996,-0.0007109849481422761
0.10014203488372092,0.003781753688641823,"(0.09864983841623984, 0.101634231351202)",0.3954305799648506,0.014070904100407379,0.9615384615384616,0.9181286549707602,0.03924598020823281,0.09986500000000001,0.003995000000000012,0.04167101282987392,0.019070000000000004,0.00014000000000000123,0.007395668251452785,6.7759627337595635e-06
0.09963020588235293,0.0032699246872738286,"(0.09812799870102003, 0.10113241306368582)",0.4024604569420035,0.014082116138661055,0.9411764705882353,0.9239766081871345,0.033934362236386004,0.09839500000000001,0.0025250000000000133,0.02633774903515191,0.019187499999999996,0.00025749999999999384,0.01360274696249307,1.798800098743586e-05
0.09920003300330033,0.0028397518082212275,"(0.097595900891022, 0.10080416511557865)",0.46748681898066785,0.014189575585510667,0.9560439560439561,0.9415204678362573,0.02947014862349994,0.09934,0.003470000000000001,0.03619484718890165,0.019790000000000002,0.0008599999999999997,0.045430533544638114,0.0001254474478370477
0.09998121037463978,0.0036209291795606807,"(0.09850100428268992, 0.10146141646658964)",0.39015817223198596,0.014018999874823334,0.9142857142857143,0.9181286549707602,0.0375769885128313,0.0997,0.00383,0.039949932199853974,0.019044999999999992,0.00011499999999999011,0.006075013206549926,-4.512826285028512e-05
0.0995418208955224,0.0031815397004432977,"(0.09799901815414364, 0.10108462363690116)",0.4112478031634446,0.014355163438048869,0.9306930693069307,0.9181286549707602,0.03301712760678174,0.09906,0.0031899999999999984,0.03327422551371648,0.019680000000000003,0.0007500000000000007,0.03961965134706818,0.00029103530037524923
0.09969595870206491,0.0033356775069858097,"(0.09820585266564687, 0.10118606473848295)",0.40421792618629176,0.013947971429292945,0.9509803921568627,0.9298245614035088,0.03461672657671899,0.09947,0.003600000000000006,0.03755085010952337,0.017784999999999995,-0.0011450000000000071,0.06048600105652441,-0.0001161567083806745
0.09942402985074628,0.0030637486556671784,"(0.09788358934339665, 0.1009644703580959)",0.4112478031634446,0.014333183793692765,0.9306930693069307,0.935672514619883,0.03179472514681326,0.09898,0.0031100000000000017,0.032439762177949326,0.01826499999999999,-0.0006650000000000128,0.03512942419440109,0.00026905565601914594
0.09976519174041298,0.0034049105453338863,"(0.09828140878964958, 0.10124897469117639)",0.40421792618629176,0.013888784890952502,0.9411764705882353,0.935672514619883,0.03533520765096903,0.09906,0.0031899999999999984,0.03327422551371648,0.016920000000000004,-0.002009999999999998,0.10618066561014251,-0.00017534324672111717
0.0999057627118644,0.003545481516785298,"(0.09843776469931156, 0.10137376072441723)",0.37785588752196836,0.014043890452732485,0.9532710280373832,0.9298245614035088,0.03679401380748937,0.09968,0.003810000000000008,0.03974131636591226,0.018034999999999995,-0.0008950000000000069,0.04727945060750168,-2.02376849411344e-05
0.09974159292035399,0.0033813117252748937,"(0.09824981372219999, 0.101233372118508)",0.40421792618629176,0.013963632873189837,0.9509803921568627,0.9239766081871345,0.03509030570831885,0.09882,0.002950000000000008,0.030770835506415024,0.017469999999999986,-0.0014600000000000168,0.07712625462229354,-0.00010049526448378289
0.10087386996904024,0.004513588773961144,"(0.09939944138174395, 0.10234829855633654)",0.43233743409490333,0.013469189993322061,0.9381443298969072,0.9298245614035088,0.046840759677978634,0.1004,0.004530000000000006,0.0472514863878169,0.017784999999999995,-0.0011450000000000071,0.06048600105652441,-0.0005949381443515582
0.10066810089020772,0.004307819695128626,"(0.09918648038923802, 0.10214972139117742)",0.4077328646748682,0.013827277086279254,0.9313725490196079,0.9298245614035088,0.044705345830275724,0.1002,0.0043300000000000005,0.04516532804839888,0.017339999999999994,-0.001590000000000008,0.08399366085578489,-0.00023685105139436592
0.09978310541310542,0.003422824218026324,"(0.09828200030281216, 0.10128421052339869)",0.38312829525483305,0.014299214795135701,0.9245283018867925,0.9239766081871345,0.035521110727114814,0.09933,0.0034600000000000047,0.03609053927193079,0.018470000000000014,-0.0004599999999999882,0.02430005282620117,0.00023508665746208197
0.10021599388379204,0.003855712688712945,"(0.09867182667172006, 0.10176016109586403)",0.4253075571177504,0.014193999342587901,0.9090909090909091,0.9298245614035088,0.04001350598912374,0.09916,0.0032900000000000013,0.03431730468342549,0.018815,-0.00011500000000000399,0.006075013206550659,0.00012987120491428188
0.1001524924012158,0.0037922112061367086,"(0.09867412633724498, 0.10163085846518663)",0.421792618629174,0.013630957967452631,0.898989898989899,0.9239766081871345,0.03935450539480543,0.0997,0.00383,0.039949932199853974,0.017630000000000007,-0.0012999999999999956,0.06867406233491788,-0.00043317017022098843
0.10049067251461988,0.00413039131954078,"(0.09897521252913938, 0.10200613250010038)",0.3989455184534271,0.014248373199863397,0.941747572815534,0.935672514619883,0.04286404386034222,0.09976,0.0038900000000000046,0.04057577970167941,0.018460000000000004,-0.0004699999999999982,0.024828314844162605,0.00018424506218977718
0.10019926345609065,0.0038389822610115504,"(0.09877342271111149, 0.10162510420106981)",0.37961335676625657,0.013621171585625548,0.9433962264150944,0.9473684210526315,0.03983988229797319,0.09996,0.004089999999999996,0.04266193804109728,0.018199999999999994,-0.0007300000000000084,0.03856312731114677,-0.00044295655204807174
0.09965353474320242,0.0032932535481233205,"(0.0980996946811351, 0.10120737480526974)",0.4182776801405975,0.014370653025413271,0.96,0.9298245614035088,0.034176462617997214,0.09965,0.0037800000000000056,0.03942839261499954,0.01830000000000001,-0.0006299999999999917,0.033280507131536796,0.0003065248877396516
0.0997445061728395,0.0033842249777604055,"(0.09819598459002933, 0.10129302775564968)",0.4305799648506151,0.014168090277391689,0.9591836734693877,0.9239766081871345,0.03512053862637784,0.099195,0.0033250000000000085,0.0346823823928237,0.0178025,-0.0011275000000000035,0.059561542525092624,0.00010396213971806956
0.09970173374613003,0.0033414525510509357,"(0.09806338961585903, 0.10134007787640104)",0.43233743409490333,0.01496659014563016,0.9896907216494846,0.9122807017543859,0.03467665836597389,0.09996,0.004089999999999996,0.04266193804109728,0.019775,0.0008449999999999985,0.0446381405176967,0.0009024620079565414
0.10024951515151516,0.003889233956436061,"(0.09871062769711761, 0.10178840260591271)",0.4200351493848858,0.014210689897502923,0.9090909090909091,0.9415204678362573,0.040361380313558855,0.1002,0.0043300000000000005,0.04516532804839888,0.017329999999999998,-0.0016000000000000042,0.08452192287374559,0.00014656175982930356
0.0995933430232558,0.003233061828176703,"(0.09808732518970034, 0.10109936085681126)",0.3954305799648506,0.014201234871728304,0.9326923076923077,0.9239766081871345,0.033551809812919144,0.099485,0.003615000000000007,0.03770731198497974,0.018582500000000016,-0.0003474999999999867,0.01835710512414087,0.00013710673405468478
0.10033791044776119,0.003977629252682094,"(0.0988394021877829, 0.10183641870773949)",0.4112478031634446,0.013943020976246582,0.9306930693069307,0.935672514619883,0.0412787219313887,0.1,0.004130000000000009,0.043079169708981006,0.017330000000000012,-0.0015999999999999903,0.08452192287374485,-0.00012110716142703717
0.10048424501424502,0.004123963819165924,"(0.09905800883371343, 0.10191048119477661)",0.38312829525483305,0.013586028955714424,0.9056603773584906,0.935672514619883,0.042797341062310285,0.09984,0.003970000000000001,0.04141024303744656,0.018030000000000004,-0.000899999999999998,0.047543581616481666,-0.00047809918195919517
0.09983199413489736,0.0034717129398182667,"(0.09826813663793156, 0.10139585163186317)",0.4007029876977153,0.01468174144623461,0.9611650485436893,0.9181286549707602,0.03602846418421991,0.0995,0.0036300000000000082,0.037863773860436094,0.018809999999999993,-0.00012000000000000899,0.006339144215531377,0.0006176133085609905
0.0999958908045977,0.0036356096095186002,"(0.09852306374058568, 0.10146871786860971)",0.3884007029876977,0.01396933968967623,0.9428571428571428,0.9298245614035088,0.037729337901768835,0.099105,0.0032350000000000018,0.033743611140085554,0.019394999999999996,0.0004649999999999932,0.02456418383518189,-9.478844799738935e-05
0.10000891566265059,0.0036486344675714932,"(0.09845813865510321, 0.10155969267019797)",0.4165202108963093,0.014364132972135983,0.91,0.9181286549707602,0.03786450622933447,0.099315,0.0034450000000000036,0.03593407739647443,0.01880499999999999,-0.000125000000000014,0.006603275224512096,0.00030000483446236334
0.10033631901840488,0.003976037823325784,"(0.09879214582694826, 0.1018804922098615)",0.4270650263620387,0.014172171755057063,0.9183673469387755,0.9298245614035088,0.04126220652341591,0.10005,0.004180000000000003,0.04360070929383544,0.01822499999999999,-0.0007050000000000112,0.03724247226624464,0.00010804361738344335
0.09994630177514792,0.0035860205800688216,"(0.09843756182933887, 0.10145504172095697)",0.40597539543058,0.014101396828470674,0.9705882352941176,0.9298245614035088,0.03721471684800305,0.099925,0.004055000000000003,0.04229686033169921,0.018165,-0.0007650000000000018,0.040412044374009595,3.7268690797055e-05
0.10029910216718264,0.003938820972103546,"(0.09879635690226245, 0.10180184743210284)",0.43233743409490333,0.013727868313982735,0.9381443298969072,0.9298245614035088,0.04087598046885622,0.09989,0.00402000000000001,0.041931782622301135,0.01791999999999999,-0.0010100000000000109,0.05335446381405234,-0.0003362598236908848
0.10049400630914826,0.004133725114069162,"(0.09894120924815071, 0.10204680337014581)",0.4428822495606327,0.014051726774827016,0.9270833333333334,0.9239766081871345,0.04289864104589456,0.0995,0.0036300000000000082,0.037863773860436094,0.017909999999999995,-0.001020000000000007,0.05388272583201304,-1.2401362846603883e-05
0.0992320857142857,0.0028718045192066,"(0.09776165698553002, 0.10070251444304137)",0.38488576449912126,0.01398689169152102,0.9619047619047619,0.9005847953216374,0.02980278267757127,0.09876499999999999,0.002894999999999995,0.030197141963074943,0.018712499999999993,-0.00021750000000000935,0.011489698890650255,-7.723644615259886e-05
0.10052346153846152,0.004163180343382422,"(0.09901019045253155, 0.10203673262439149)",0.40597539543058,0.014143747006251725,0.9411764705882353,0.9181286549707602,0.043204319162935635,0.09998,0.0041100000000000025,0.042870553875039144,0.01867250000000001,-0.00025749999999999384,0.01360274696249307,7.961886857810532e-05
0.10019057575757574,0.0038302945624966445,"(0.09865703627464044, 0.10172411524051105)",0.4200351493848858,0.014161304632964337,0.9292929292929293,0.9122807017543859,0.03974972379690657,0.09933,0.0034600000000000047,0.03609053927193079,0.0184975,-0.0004325000000000023,0.022847332276809417,9.717649529071733e-05
0.09946564971751413,0.003105368522435037,"(0.09799217814777926, 0.10093912128724901)",0.37785588752196836,0.014096254309354966,0.897196261682243,0.935672514619883,0.032226644463067645,0.098945,0.0030750000000000083,0.03207468446855125,0.01870000000000001,-0.0002299999999999941,0.012150026413100585,3.21261716813466e-05
0.09968043227665707,0.003320151081577974,"(0.09818938363744409, 0.10117148091587005)",0.39015817223198596,0.01412168940539013,0.9619047619047619,0.9298245614035088,0.03445559768403339,0.0988,0.002930000000000002,0.030562219672473162,0.01933499999999999,0.0004049999999999887,0.021394611727416198,5.7561267716509795e-05
0.09906070621468926,0.002700425019610167,"(0.09756046726735373, 0.1005609451620248)",0.37785588752196836,0.01435232966880096,0.9345794392523364,0.9298245614035088,0.028024254247901382,0.09851,0.0026400000000000035,0.027537290080317134,0.018892499999999993,-3.750000000000975e-05,0.001980982567353922,0.0002882015311273401
0.09966561046511628,0.003305329270037183,"(0.09818571306137916, 0.1011455078688534)",0.3954305799648506,0.01395492812121325,0.9519230769230769,0.9532163742690059,0.034301781076641134,0.09851,0.0026400000000000035,0.027537290080317134,0.017670000000000005,-0.0012599999999999972,0.06656101426307433,-0.0001092000164603698
0.09895684848484848,0.002596567289769383,"(0.09735252930929092, 0.10056116766040604)",0.4200351493848858,0.014814912055665229,0.9595959595959596,0.9239766081871345,0.026946447826492893,0.09839,0.0025200000000000083,0.026285595076666408,0.019540000000000002,0.0006099999999999994,0.03222398309561539,0.0007507839179916095
0.10002018518518518,0.0036599039901060865,"(0.09846133023762754, 0.10157904013274283)",0.4305799648506151,0.014262634677829211,0.9285714285714286,0.9415204678362573,0.037981458176701434,0.09968,0.003810000000000008,0.03974131636591226,0.017825000000000008,-0.0011049999999999949,0.05837295298468012,0.00019850654015559147
0.09968408823529411,0.00332380704021501,"(0.09818979474192821, 0.10117838172866)",0.4024604569420035,0.014007930983363299,0.9215686274509803,0.9415204678362573,0.034493538198441344,0.09922500000000001,0.0033550000000000108,0.03499530614373642,0.017424999999999996,-0.0015050000000000063,0.07950343370311708,-5.6197154310320616e-05
0.10002355828220859,0.0036632770871294906,"(0.0984743619083832, 0.10157275465603398)",0.4270650263620387,0.014218273710252931,0.9183673469387755,0.9239766081871345,0.03801646323253534,0.099335,0.0034650000000000097,0.036142693230416294,0.019022499999999998,9.249999999999536e-05,0.004886423666138159,0.00015414557257931172
0.09981027272727273,0.003449991532193636,"(0.09826767171359861, 0.10135287374094686)",0.4200351493848858,0.01424498235933604,0.9292929292929293,0.935672514619883,0.03580304550179975,0.09959000000000001,0.003720000000000015,0.03880254511317425,0.01875750000000001,-0.0001724999999999921,0.009112519809825255,0.00018085422166242045
0.09969936363636364,0.003339082441284544,"(0.09816307664738791, 0.10123565062533937)",0.4200351493848858,0.014186676180584973,0.9191919191919192,0.9122807017543859,0.03465206203087609,0.099575,0.003705,0.038646083237717746,0.019335000000000005,0.0004050000000000026,0.021394611727416933,0.0001225480429113534
0.09980664772727273,0.0034463665321936288,"(0.09837545665929029, 0.10123783879525516)",0.38137082601054484,0.013652769883155138,0.9245283018867925,0.9005847953216374,0.03576542626745289,0.09931000000000001,0.0034400000000000125,0.03588192343798907,0.01753750000000001,-0.001392499999999991,0.07356048600105604,-0.0004113582545184815
0.1000507142857143,0.0036904330906352006,"(0.09859157864172378, 0.10150984992970481)",0.38488576449912126,0.013879470535782824,0.9428571428571428,0.9239766081871345,0.038298280628343194,0.099985,0.0041150000000000075,0.04292270783352464,0.01848749999999999,-0.00044250000000001233,0.023375594294770853,-0.00018465760189079541
0.09982609609609609,0.0034658149010169947,"(0.09829169179998244, 0.10136050039220974)",0.4147627416520211,0.014234025661100172,0.91,0.9122807017543859,0.03596725599005398,0.09898,0.0031100000000000017,0.032439762177949326,0.01772,-0.0012100000000000027,0.06391970417327007,0.00016989752342655255
0.0992684090909091,0.002908127895830004,"(0.09777738894121966, 0.10075942924059854)",0.38137082601054484,0.014223506176260758,0.9622641509433962,0.935672514619883,0.03017973650307815,0.09873,0.0028600000000000014,0.02983206425367687,0.01880750000000002,-0.00012249999999998373,0.00647120972002027,0.00015937803858713864
0.09966621387283237,0.0033059326777532677,"(0.09816902518422957, 0.10116340256143516)",0.39191564147627417,0.014159250833798223,0.9230769230769231,0.9415204678362573,0.03430804307285577,0.09922500000000001,0.0033550000000000108,0.03499530614373642,0.018200000000000008,-0.0007299999999999945,0.038563127311146035,9.512269612460371e-05
0.1003920916905444,0.0040318104954653045,"(0.09893943915081234, 0.10184474423027647)",0.3866432337434095,0.013797910675282072,0.9238095238095239,0.9181286549707602,0.04184099968848161,0.1003,0.004430000000000003,0.04620840721810789,0.018019999999999994,-0.000910000000000008,0.0480718436344431,-0.0002662174623915478
0.09963363636363637,0.003273355168557271,"(0.09810325843067279, 0.10116401429659995)",0.4007029876977153,0.014367430005859157,0.9320388349514563,0.9239766081871345,0.03396996280999265,0.09933,0.0034600000000000047,0.03609053927193079,0.01741000000000001,-0.0015199999999999936,0.08029582673005776,0.00030330186818553796
0.09863653739612188,0.002276256201042784,"(0.09716698854071834, 0.10010608625152542)",0.3655536028119508,0.014197994847840033,0.963302752293578,0.9064327485380117,0.02362234909251206,0.09812,0.002250000000000002,0.023469281318452093,0.018729999999999997,-0.00020000000000000573,0.010565240359218473,0.00013386671016641337
0.09985930029154519,0.003499019096466091,"(0.09832065865568294, 0.10139794192740743)",0.39718804920913886,0.01448761239677777,0.941747572815534,0.9122807017543859,0.03631183982726669,0.09965,0.0037800000000000056,0.03942839261499954,0.020089999999999997,0.0011599999999999944,0.061278394083465096,0.00042348425910415134
0.10002172413793102,0.0036614429428519224,"(0.09850077672097281, 0.10154267155488923)",0.3884007029876977,0.014425747351320897,0.9142857142857143,0.9239766081871345,0.037997428997113634,0.09931000000000001,0.0034400000000000125,0.03588192343798907,0.01874999999999999,-0.00018000000000001348,0.009508716323297067,0.0003616192136472775
0.09972653731343283,0.0033662561183537276,"(0.09828131743316362, 0.10117175719370203)",0.4112478031634446,0.013447193882116976,0.9306930693069307,0.9239766081871345,0.034934062837973894,0.0988,0.002930000000000002,0.030562219672473162,0.017415000000000014,-0.0015149999999999886,0.08003169572107705,-0.0006169342555566431
0.10006414925373135,0.0037038680586522488,"(0.09852142635668067, 0.10160687215078203)",0.4112478031634446,0.014354420518459476,0.9306930693069307,0.9181286549707602,0.03843770496221214,0.09984,0.003970000000000001,0.04141024303744656,0.01953500000000001,0.0006050000000000083,0.031959852086635404,0.000290292380785857
0.09900823699421965,0.002647955799140553,"(0.09748434743609474, 0.10053212655234456)",0.39191564147627417,0.0144117669741633,0.8942307692307693,0.9181286549707602,0.027479743378704232,0.098195,0.0023250000000000076,0.024251590695733887,0.01886249999999999,-6.7500000000012e-05,0.0035657686212367664,0.0003476388364896804
0.09919752840909091,0.0028372472140118093,"(0.09774812787487618, 0.10064692894330564)",0.38137082601054484,0.01382647810264195,0.9245283018867925,0.9298245614035088,0.029444156646532296,0.098315,0.0024450000000000027,0.025503285699384613,0.018085000000000004,-0.0008449999999999985,0.0446381405176967,-0.00023765003503166925
0.09955002873563219,0.003189747540553095,"(0.0980266410966979, 0.10107341637456649)",0.3884007029876977,0.014448892152591222,0.9619047619047619,0.9239766081871345,0.03310230627176696,0.09938,0.0035099999999999992,0.036612078856785225,0.019525,0.0005949999999999983,0.03143159006867397,0.00038476401491760286
0.10056358895705521,0.0042033077619761106,"(0.09903180797188724, 0.10209536994222318)",0.4270650263620387,0.014058438090388743,0.8979591836734694,0.9298245614035088,0.0436207502701929,0.10014999999999999,0.004279999999999992,0.044643788463544304,0.01791000000000001,-0.0010199999999999931,0.053882725832012306,-5.69004728487657e-06
0.09962384839650146,0.00326356720142236,"(0.09811996828233131, 0.1011277285106716)",0.39718804920913886,0.014160303268479517,0.9320388349514563,0.9181286549707602,0.0338683860294611,0.09906,0.0031899999999999984,0.03327422551371648,0.01851,-0.0004200000000000037,0.022187004754358353,9.617513080589779e-05
0.10028292263610315,0.003922641441024055,"(0.09880485391802482, 0.10176099135418148)",0.3866432337434095,0.014039324329915216,0.9523809523809523,0.9298245614035088,0.040708073828497456,0.1001,0.004229999999999998,0.04412224887868987,0.01824999999999999,-0.0006800000000000139,0.035921817221342515,-2.4803807758403892e-05
0.09985793750000001,0.0034976563049209097,"(0.09829852753111824, 0.10141734746888177)",0.437609841827768,0.014178698318777019,0.9166666666666666,0.9181286549707602,0.036297697158438,0.099405,0.0035349999999999965,0.03687284864921244,0.01837000000000001,-0.0005599999999999911,0.029582673005810405,0.00011457018110339924
0.09966119883040936,0.003300917635330261,"(0.09817834206245143, 0.10114405559836728)",0.3989455184534271,0.013941837352510953,0.912621359223301,0.9239766081871345,0.03425599836770538,0.098815,0.002945000000000003,0.030718681547929522,0.018430000000000002,-0.0005000000000000004,0.026413100898045452,-0.00012229078516266638
0.09948170028818444,0.003121419093105343,"(0.09798767057545493, 0.10097573000091395)",0.39015817223198596,0.014149923088174107,0.9142857142857143,0.9415204678362573,0.03239321278843203,0.09883,0.0029600000000000043,0.03087514342338588,0.018894999999999995,-3.500000000000725e-05,0.0018489170628635627,8.57949505004875e-05
0.10052518950437317,0.004164908309294071,"(0.09901660046836008, 0.10203377854038626)",0.39718804920913886,0.014204641750473848,0.941747572815534,0.9298245614035088,0.0432222515090249,0.1001,0.004229999999999998,0.04412224887868987,0.017739999999999992,-0.0011900000000000105,0.06286318013734866,0.00014051361280022906
0.09975729651162792,0.003397015316548818,"(0.09829220370070908, 0.10122238932254675)",0.3954305799648506,0.013815325856812076,0.9230769230769231,0.935672514619883,0.03525327317872435,0.09925,0.003380000000000008,0.03525607593616364,0.017902500000000002,-0.0010275000000000006,0.054278922345483385,-0.00024880228086154345
0.09938203342618385,0.003021752231104749,"(0.09789821929223778, 0.10086584756012991)",0.36906854130052724,0.014295782381469049,0.9444444444444444,0.9239766081871345,0.03135889801927086,0.09883,0.0029600000000000043,0.03087514342338588,0.019865000000000008,0.0009350000000000053,0.049392498679345226,0.00023165424379542957
0.09974009118541033,0.003379809990331231,"(0.09815972409671118, 0.10132045827410947)",0.421792618629174,0.014571436590841967,0.9494949494949495,0.9298245614035088,0.035074721123829915,0.0997,0.00383,0.039949932199853974,0.018740000000000007,-0.00018999999999999573,0.010036978341257037,0.000507308453168348
0.1003235734870317,0.003963292291952608,"(0.09885837991426373, 0.10178876705979968)",0.39015817223198596,0.013876816630424988,0.9428571428571428,0.9122807017543859,0.04112993696987057,0.1,0.004130000000000009,0.043079169708981006,0.01808499999999999,-0.0008450000000000124,0.044638140517697426,-0.00018731150724863102
0.09934309455587391,0.0029828133607948115,"(0.09784272645950506, 0.10084346265224275)",0.3866432337434095,0.014251133294104046,0.9428571428571428,0.935672514619883,0.030954801333094667,0.09968,0.003810000000000008,0.03974131636591226,0.01879,-0.00014000000000000123,0.007395668251452785,0.0001870051564304264
0.10063899390243904,0.0042787127073599385,"(0.0991240569226551, 0.10215393088222298)",0.4235500878734622,0.013946749971390778,0.9292929292929293,0.9181286549707602,0.044403281666413844,0.099985,0.0041150000000000075,0.04292270783352464,0.018430000000000002,-0.0005000000000000004,0.026413100898045452,-0.00011737816628284124
0.10004825688073395,0.0036879756856548485,"(0.09853448794524068, 0.10156202581622721)",0.4253075571177504,0.013914578102193065,0.9191919191919192,0.9298245614035088,0.038272778367973305,0.09984,0.003970000000000001,0.04141024303744656,0.018345,-0.0005850000000000022,0.030903328050713264,-0.0001495500354805543
0.0992203892215569,0.002860108026477806,"(0.09766238630724268, 0.10077839213587113)",0.4130052724077329,0.014474784023284228,0.9306930693069307,0.9298245614035088,0.02968139975315748,0.099245,0.003375000000000003,0.03520392197767814,0.01895000000000001,2.0000000000006124e-05,0.0010565240359221406,0.0004106558856106085
0.09961312500000001,0.003252843804920913,"(0.09813155219902295, 0.10109469780097707)",0.4094903339191564,0.013806153118684697,0.9504950495049505,0.9181286549707602,0.033757101625052424,0.099575,0.003705,0.038646083237717746,0.018082500000000015,-0.0008474999999999872,0.04477020602218632,-0.0002579750189889221
0.09967997118155619,0.003319689986477095,"(0.09819487364040334, 0.10116506872270904)",0.39015817223198596,0.014065326684405573,0.9238095238095239,0.9122807017543859,0.03445081256826619,0.09906,0.0031899999999999984,0.03327422551371648,0.01829,-0.0006400000000000017,0.033808769149498236,1.1985467319539783e-06
0.09994701449275362,0.0035867332976745187,"(0.09846440889498674, 0.10142962009052049)",0.3936731107205624,0.014000915275825214,0.9230769230769231,0.9298245614035088,0.037222113231625616,0.09933,0.0034600000000000047,0.03609053927193079,0.018670000000000006,-0.00025999999999999635,0.013734812466983428,-6.321286184840513e-05
0.09974550898203592,0.0033852277869568237,"(0.09819073602922015, 0.10130028193485169)",0.4130052724077329,0.014444775738534527,0.9603960396039604,0.9298245614035088,0.03513094549925099,0.099335,0.0034650000000000097,0.036142693230416294,0.01972750000000001,0.0007975000000000065,0.0421288959323828,0.0003806476008609075
0.09934169863013699,0.0029814174350578926,"(0.09785628696435952, 0.10082711029591446)",0.3585237258347979,0.014431077018709161,0.9272727272727272,0.9298245614035088,0.03094031480690767,0.09882,0.002950000000000008,0.030770835506415024,0.01965,0.0007199999999999984,0.03803486529318533,0.000366948881035542
0.09919982808022924,0.002839546885150146,"(0.09773983518439058, 0.1006598209760679)",0.3866432337434095,0.013867632494583977,0.9142857142857143,0.9239766081871345,0.02946802198928364,0.09882,0.002950000000000008,0.030770835506415024,0.017810000000000006,-0.001119999999999996,0.059165346011621545,-0.00019649564308964196
0.09926238505747126,0.0029021038623921608,"(0.09776607201484219, 0.10075869810010032)",0.3884007029876977,0.014192097419529804,0.9428571428571428,0.9181286549707602,0.030117220771875088,0.098795,0.002924999999999997,0.030510065713987664,0.0190925,0.00016249999999999598,0.008584257791864551,0.00012796928185618457
0.09987177370030581,0.0035114925052267126,"(0.09827795749534468, 0.10146558990526694)",0.4253075571177504,0.014650373345946691,0.898989898989899,0.935672514619883,0.03644128536858231,0.0995,0.0036300000000000082,0.037863773860436094,0.02026499999999999,0.001334999999999989,0.07052297939778071,0.0005862452082730715
0.09940419825072887,0.0030439170556497697,"(0.09785701226431927, 0.10095138423713847)",0.39718804920913886,0.014568064684059592,0.9611650485436893,0.9298245614035088,0.031588918358254184,0.09898,0.0031100000000000017,0.032439762177949326,0.019144999999999995,0.00021499999999999297,0.011357633386159163,0.0005039365463859729
0.1005794427244582,0.004219161529379109,"(0.09910372615740952, 0.1020551592915069)",0.43233743409490333,0.013480955937188023,0.9381443298969072,0.9298245614035088,0.04378527622638955,0.1003,0.004430000000000003,0.04620840721810789,0.017525,-0.0014050000000000035,0.07422081352350783,-0.0005831722004855967
0.10027952802359882,0.003919246828519726,"(0.09873201173166457, 0.10182704431553308)",0.40421792618629176,0.014485353725665255,0.9313725490196079,0.9181286549707602,0.04067284549103073,0.09968,0.003810000000000008,0.03974131636591226,0.01858499999999999,-0.00034500000000001196,0.018225039619651977,0.0004212255879916353
0.0999013157894737,0.0035410345943946014,"(0.09840635759616743, 0.10139627398277996)",0.3989455184534271,0.014055615100696547,0.912621359223301,0.935672514619883,0.036747864892858306,0.099575,0.003705,0.038646083237717746,0.018339999999999995,-0.0005900000000000072,0.031167459059693984,-8.513036977072369e-06
0.09990571856287425,0.003545437367795154,"(0.09836118580177694, 0.10145025132397156)",0.4130052724077329,0.014349638199239862,0.9504950495049505,0.9298245614035088,0.036793555641639324,0.099925,0.004055000000000003,0.04229686033169921,0.01779,-0.0011400000000000021,0.06022187004754369,0.00028551006156624266
0.0998575652173913,0.003497284022312197,"(0.09839212691947073, 0.10132300351531186)",0.3936731107205624,0.013838796698217682,0.9423076923076923,0.9181286549707602,0.036293833713831,0.09916,0.0032900000000000013,0.03431730468342549,0.017320000000000002,-0.0016100000000000003,0.08505018489170629,-0.0002253314394559374
0.09936830028328612,0.0030080190882070257,"(0.09787354067389427, 0.10086305989267798)",0.37961335676625657,0.014279559053480835,0.9056603773584906,0.9298245614035088,0.031216379310032964,0.09898,0.0031100000000000017,0.032439762177949326,0.018850000000000006,-7.999999999999674e-05,0.0042260961436870964,0.00021543091580721561
0.09945836309523808,0.0030980819001589777,"(0.09796480060033894, 0.10095192559013721)",0.4094903339191564,0.01391788002810498,0.9207920792079208,0.935672514619883,0.03215102593865396,0.09875500000000001,0.0028850000000000126,0.03009283404610423,0.018060000000000007,-0.0008699999999999958,0.04595879556259882,-0.00014624810956863875
0.09942232091690545,0.003062039721826351,"(0.0979348269494973, 0.1009098148843136)",0.3866432337434095,0.014128849350378178,0.9619047619047619,0.9239766081871345,0.031776990310222575,0.09898,0.0031100000000000017,0.032439762177949326,0.018320000000000003,-0.0006099999999999994,0.03222398309561539,6.472121270455905e-05
0.09915991150442477,0.0027996303093456715,"(0.09761955406391613, 0.1007002689449334)",0.40421792618629176,0.014418344095000977,0.9215686274509803,0.9239766081871345,0.029053778949418865,0.09872,0.0028500000000000053,0.02972775633670601,0.019424999999999998,0.0004949999999999954,0.026148969889064733,0.00035421595732735775
0.09964558208955224,0.0032853008944731393,"(0.09816076881122823, 0.10113039536787624)",0.4112478031634446,0.013815594640620061,0.9207920792079208,0.935672514619883,0.034093932206591696,0.09872,0.0028500000000000053,0.02972775633670601,0.017305,-0.0016250000000000014,0.08584257791864772,-0.00024853349705355847
0.09942124260355031,0.003060961408471216,"(0.0979304072986496, 0.10091207790845103)",0.40597539543058,0.013934051589669823,0.9313725490196079,0.9239766081871345,0.03176579987634503,0.09890499999999999,0.003034999999999996,0.03165745280066753,0.0170975,-0.0018325000000000008,0.09680401479133653,-0.00013007654800379666
0.10014702941176473,0.003786748216685634,"(0.09863197329829125, 0.10166208552523821)",0.4024604569420035,0.014202565672460322,0.9607843137254902,0.9298245614035088,0.03929781202090364,0.09986500000000001,0.003995000000000012,0.04167101282987392,0.0184975,-0.0004325000000000023,0.022847332276809417,0.0001384375347867027
0.09945764204545454,0.003097360850375444,"(0.09796559502632164, 0.10094968906458744)",0.38137082601054484,0.0142333019418475,0.9528301886792453,0.935672514619883,0.03214354308602432,0.099055,0.0031850000000000073,0.03322207155523112,0.018077499999999996,-0.000852500000000006,0.04503433703116777,0.00016917380417388016
0.09932532738095239,0.002965046185873288,"(0.09781101910110536, 0.10083963566079941)",0.4094903339191564,0.014111201263058069,0.9306930693069307,0.9181286549707602,0.03077041856976966,0.09894,0.0030700000000000033,0.03202253051006575,0.017875000000000002,-0.0010550000000000004,0.05573164289487587,4.707312538444926e-05
0.09969909090909092,0.00333880971401182,"(0.09819174893026919, 0.10120643288791265)",0.4007029876977153,0.014151164826113392,0.9514563106796117,0.9239766081871345,0.034649231743652545,0.09947,0.003600000000000006,0.03755085010952337,0.018350000000000005,-0.0005799999999999972,0.030639197041732548,8.703668843977261e-05
0.09920878260869564,0.002848501413616547,"(0.09770298303200518, 0.1007145821853861)",0.3936731107205624,0.014219946509962979,0.9134615384615384,0.9239766081871345,0.029560949576826406,0.09905,0.0031800000000000023,0.03316991759674562,0.020290000000000002,0.00136,0.07184363444268357,0.00015581837228935934
0.0998865889212828,0.0035263077262037007,"(0.09840728783978789, 0.10136589000277771)",0.39718804920913886,0.01392887088670411,0.9223300970873787,0.9181286549707602,0.03659503358094996,0.09968,0.003810000000000008,0.03974131636591226,0.01723000000000001,-0.0016999999999999932,0.08980454305335409,-0.0001352572509695088
0.0998606916426513,0.003500410447572197,"(0.0984117658379116, 0.10130961744739099)",0.39015817223198596,0.013722744951357824,0.9142857142857143,0.935672514619883,0.036326278879216835,0.0995,0.0036300000000000082,0.037863773860436094,0.01668499999999999,-0.002245000000000011,0.11859482303222454,-0.00034138318631579505
0.09972937869822486,0.0033690975031457626,"(0.09821736710301196, 0.10124139029343776)",0.40597539543058,0.014131975210553939,0.9411764705882353,0.9298245614035088,0.03496354993324589,0.09956000000000001,0.0036900000000000127,0.03848962136226153,0.018012500000000015,-0.0009174999999999878,0.048468040147912714,6.784707288031919e-05
0.1003289970501475,0.003968715855068403,"(0.09884326842949366, 0.10181472567080134)",0.40421792618629176,0.013906997117048694,0.9803921568627451,0.9298245614035088,0.04118622118831131,0.09968,0.003810000000000008,0.03974131636591226,0.017485,-0.0014450000000000018,0.07633386159535138,-0.00015713102062492497
0.09982891176470587,0.0034686305696267766,"(0.09832921009911963, 0.10132861343029212)",0.4024604569420035,0.014058628723496183,0.9411764705882353,0.9298245614035088,0.03599647620999171,0.099405,0.0035349999999999965,0.03687284864921244,0.01840499999999999,-0.0005250000000000116,0.02773375594294831,-5.4994141774362265e-06
0.09981514450867052,0.003454863313591419,"(0.09829652285335835, 0.10133376616398268)",0.39191564147627417,0.014361947230091269,0.9615384615384616,0.9239766081871345,0.03585360348416928,0.099175,0.0033050000000000024,0.034473766558881846,0.018155000000000004,-0.0007749999999999979,0.0409403063919703,0.00029781909241764944
0.09953163141993956,0.003171350224860467,"(0.09802155107114265, 0.10104171176873648)",0.4182776801405975,0.013965942353284013,0.94,0.9298245614035088,0.0329113840840724,0.09916,0.0032900000000000013,0.03431730468342549,0.018750000000000003,-0.0001799999999999996,0.009508716323296333,-9.818578438960598e-05
0.10002038348082595,0.003660102285746855,"(0.09851037761880664, 0.10153038934284526)",0.40421792618629176,0.01413424152829992,0.9509803921568627,0.9239766081871345,0.03798351603330282,0.09947,0.003600000000000006,0.03755085010952337,0.017739999999999992,-0.0011900000000000105,0.06286318013734866,7.011339062630052e-05
0.10026528125,0.003905000054920907,"(0.09875974021723041, 0.1017708222827696)",0.437609841827768,0.013688903198103399,0.9479166666666666,0.9181286549707602,0.04052499646628601,0.09969,0.003820000000000004,0.039845624282883116,0.019287500000000013,0.0003575000000000106,0.01888536714210304,-0.00037522493957022063
0.09927267605633802,0.002912394861258924,"(0.09774808561008459, 0.10079726650259145)",0.37609841827768015,0.014606021159711083,0.9626168224299065,0.935672514619883,0.03022401787478027,0.09898,0.0031100000000000017,0.032439762177949326,0.019445000000000004,0.0005150000000000016,0.027205493924986873,0.0005418930220374638
0.09960431610942248,0.0032440349143433855,"(0.09804523272534821, 0.10116339949349676)",0.421792618629174,0.014375194746414086,0.9090909090909091,0.9239766081871345,0.03366568542671554,0.0988,0.002930000000000002,0.030562219672473162,0.019070000000000004,0.00014000000000000123,0.007395668251452785,0.0003110666087404665
0.10032861764705883,0.003968336451979734,"(0.09884679938302748, 0.10181043591109018)",0.4024604569420035,0.013890984645648644,0.9215686274509803,0.9298245614035088,0.04118228384935834,0.09977,0.0039000000000000007,0.04068008761865027,0.018350000000000005,-0.0005799999999999972,0.030639197041732548,-0.00017314349202497518
0.10035163690476188,0.003991355709682787,"(0.098815818797154, 0.10188745501236977)",0.4094903339191564,0.014311642291286434,0.9504950495049505,0.9473684210526315,0.04142117125626047,0.09969,0.003820000000000004,0.039845624282883116,0.01858499999999999,-0.00034500000000001196,0.018225039619651977,0.0002475141536128142
0.09980094462540716,0.0034406634303280614,"(0.09813495590680348, 0.10146693334401084)",0.46045694200351495,0.014834470283157769,0.946236559139785,0.9181286549707602,0.03570624107418823,0.09929,0.0034200000000000064,0.035673307604047216,0.01919,0.00025999999999999635,0.013734812466983428,0.0007703421454841493
0.10006729483282674,0.0037070136377476415,"(0.0985355002371458, 0.10159908942850768)",0.421792618629174,0.014123584312004386,0.9494949494949495,0.9239766081871345,0.038470348900735155,0.1001,0.004229999999999998,0.04412224887868987,0.018479999999999996,-0.00045000000000000595,0.023771790808241197,5.9456174330766234e-05
0.09932201863354037,0.0029617374384612732,"(0.09771039882855871, 0.10093363843852203)",0.43409490333919154,0.014699477663372115,0.9381443298969072,0.9415204678362573,0.03073608131617327,0.099575,0.003705,0.038646083237717746,0.019947499999999993,0.0010174999999999906,0.05375066032752195,0.0006353495256984955
0.09968409972299169,0.003323818527912595,"(0.09826552028568893, 0.10110267916029446)",0.3655536028119508,0.013705555598248995,0.944954128440367,0.9298245614035088,0.034493657414548254,0.09898,0.0031100000000000017,0.032439762177949326,0.01758,-0.001350000000000004,0.07131537242472287,-0.00035857253942462447
0.10039218289085546,0.004031901695776358,"(0.09890712462666901, 0.1018772411550419)",0.40421792618629176,0.013900722320070509,0.9117647058823529,0.9298245614035088,0.0418419461397572,0.0997,0.00383,0.039949932199853974,0.01811,-0.0008200000000000013,0.04331748547279457,-0.00016340581760311036
0.09982747023809523,0.003467189043016128,"(0.09827484645032969, 0.10138009402586076)",0.4094903339191564,0.014468247348673411,0.9108910891089109,0.9415204678362573,0.03598151645071361,0.09931000000000001,0.0034400000000000125,0.03588192343798907,0.019272499999999998,0.0003424999999999956,0.018092974115160886,0.00040411921099979195
0.10043003039513677,0.004069749200057676,"(0.09891965039199728, 0.10194041039827627)",0.421792618629174,0.013926135643547635,0.9393939393939394,0.9298245614035088,0.04223471693506753,0.09989,0.00402000000000001,0.041931782622301135,0.01834999999999999,-0.0005800000000000111,0.03063919704173328,-0.0001379924941259849
0.10015671826625387,0.003796437071174774,"(0.09859765142781637, 0.10171578510469137)",0.43233743409490333,0.014242376768962239,0.9690721649484536,0.9181286549707602,0.03939836023816678,0.09929,0.0034200000000000064,0.035673307604047216,0.018189999999999998,-0.0007400000000000045,0.039091389329107475,0.00017824863128861924
0.09987291176470588,0.003512630569626779,"(0.0983160431594581, 0.10142978036995365)",0.4024604569420035,0.014594527828232907,0.9313725490196079,0.9298245614035088,0.03645309588206309,0.099665,0.0037950000000000067,0.039584854490455894,0.018849999999999992,-8.000000000001062e-05,0.004226096143687829,0.0005303996905592877
0.09964294285714284,0.0032826616620637433,"(0.0981499307939369, 0.10113595492034878)",0.38488576449912126,0.014201707035380935,0.9333333333333333,0.9298245614035088,0.03406654299210764,0.09911,0.0032400000000000068,0.03379576509857105,0.018462499999999993,-0.0004675000000000096,0.02469624933967298,0.00013757889770731578
0.10031123867069484,0.003950957475615746,"(0.09877768029271466, 0.10184479704867502)",0.4182776801405975,0.014183078350321149,0.91,0.9415204678362573,0.041001929701897886,0.09997,0.004100000000000006,0.042766245958068286,0.018705,-0.00022500000000000298,0.011885895404120599,0.0001189502126475294
0.10013311178247733,0.003772830587398232,"(0.09855809527871172, 0.10170812828624294)",0.4182776801405975,0.014566502845087823,0.93,0.9181286549707602,0.039153378763603086,0.1,0.004130000000000009,0.043079169708981006,0.01982500000000001,0.0008950000000000069,0.04727945060750168,0.0005023747074142035
0.10071254437869823,0.004352263183619129,"(0.09923481986125313, 0.10219026889614333)",0.40597539543058,0.01381151197165352,0.9705882352941176,0.9239766081871345,0.045166567901644826,0.099925,0.004055000000000003,0.04229686033169921,0.018262500000000015,-0.0006674999999999875,0.03526148969888999,-0.00025261616602009936
0.1000347536231884,0.003674472428109296,"(0.09855236824470466, 0.10151713900167213)",0.3936731107205624,0.013998835645524278,0.9423076923076923,0.9181286549707602,0.03813264534451092,0.09934,0.003470000000000001,0.03619484718890165,0.01765,-0.0012800000000000034,0.06761753829899647,-6.52924921493419e-05
0.09960356725146198,0.0032432860563828825,"(0.09806744421827744, 0.10113969028464652)",0.3989455184534271,0.014442647425481047,0.9320388349514563,0.9298245614035088,0.0336579139886166,0.099575,0.003705,0.038646083237717746,0.019877499999999992,0.00094749999999999,0.050052826201795554,0.00037851928780742797
0.09999578171091446,0.0036355005158353604,"(0.09845945907966525, 0.10153210434216367)",0.40421792618629176,0.014380576712749114,0.9215686274509803,0.9181286549707602,0.03772820575809006,0.09898,0.0031100000000000017,0.032439762177949326,0.018504999999999994,-0.0004250000000000087,0.022451135763339073,0.0003164485750754946
0.09924421348314606,0.002883932288066965,"(0.097761771181571, 0.10072665578472112)",0.37434094903339193,0.014222356144789306,0.9439252336448598,0.9181286549707602,0.029928641264843472,0.09873,0.0028600000000000014,0.02983206425367687,0.01831250000000001,-0.0006174999999999931,0.03262017960908573,0.00015822800711568635
0.10021074766355138,0.0038504664684722856,"(0.09862645748503392, 0.10179503784206885)",0.4358523725834798,0.014427579667575999,0.9381443298969072,0.9239766081871345,0.039959062185353195,0.09965,0.0037800000000000056,0.03942839261499954,0.019420000000000007,0.0004900000000000043,0.02588483888008475,0.00036345152990237967
0.0999731195335277,0.0036128383384485957,"(0.09846040521557409, 0.1014858338514813)",0.39718804920913886,0.014243484769139569,0.9611650485436893,0.9298245614035088,0.03749302403066353,0.0997,0.00383,0.039949932199853974,0.018089999999999995,-0.0008400000000000074,0.04437400950871671,0.00017935663146594928
0.10001754385964913,0.0036572626645700324,"(0.09853161161278115, 0.10150347610651711)",0.3989455184534271,0.013970753042597582,0.9029126213592233,0.9181286549707602,0.037954047240335374,0.099665,0.0037950000000000067,0.039584854490455894,0.0177475,-0.001182500000000003,0.06246698362387759,-9.337509507603703e-05
0.09912135294117648,0.002761071746097382,"(0.09759036549082721, 0.10065234039152575)",0.4024604569420035,0.014351910542406816,0.9215686274509803,0.9064327485380117,0.02865362898337395,0.098215,0.002345,0.0244602065296756,0.018757499999999996,-0.00017250000000000598,0.009112519809825989,0.0002877824047331969
0.10004601796407184,0.0036857367689927395,"(0.09859897486964425, 0.10149306105849942)",0.4130052724077329,0.013443900567698007,0.9702970297029703,0.9239766081871345,0.03824954351815405,0.099965,0.004095000000000001,0.04271409199958279,0.018157499999999993,-0.0007725000000000093,0.040808240887480675,-0.0006202275699756128
0.10082726114649682,0.004466979951417718,"(0.09928076885378141, 0.10237375343921222)",0.44815465729349735,0.013927781537093521,0.9473684210526315,0.935672514619883,0.04635706637649203,0.1002,0.0043300000000000005,0.04516532804839888,0.018297500000000008,-0.0006324999999999942,0.033412572636027156,-0.00013634660058009854
0.09966039436619718,0.0033001131711180853,"(0.098164194509461, 0.10115659422293337)",0.37609841827768015,0.01433403103131662,0.9719626168224299,0.9239766081871345,0.03424764986350636,0.09968,0.003810000000000008,0.03974131636591226,0.01997,0.0010399999999999993,0.05493924986793445,0.00026990289364300056
0.1002530177514793,0.0038927365564001976,"(0.0987964890788016, 0.10170954642415699)",0.40597539543058,0.013613405585586075,0.9607843137254902,0.935672514619883,0.04039772931462752,0.09977,0.0039000000000000007,0.04068008761865027,0.018489999999999993,-0.00044000000000000983,0.023243528790280497,-0.0004507225520875447
0.09980723342939482,0.0034469522343157227,"(0.0982987423330048, 0.10131572452578484)",0.39015817223198596,0.014286886539972482,0.9333333333333333,0.935672514619883,0.035771504519973844,0.09929,0.0034200000000000064,0.035673307604047216,0.018924999999999997,-5.0000000000050004e-06,0.0002641310089807184,0.0002227584022988626
0.10009202453987733,0.0037317433447982273,"(0.09855075359269898, 0.10163329548705567)",0.4270650263620387,0.014145535426558139,0.9081632653061225,0.9239766081871345,0.03872698687173195,0.1002,0.0043300000000000005,0.04516532804839888,0.018414999999999987,-0.0005150000000000154,0.027205493924987605,8.140728888451909e-05
0.09925831460674157,0.002898033411662476,"(0.09778671052843764, 0.10072991868504551)",0.37434094903339193,0.014118375658550633,0.9439252336448598,0.935672514619883,0.030074978774662108,0.09851,0.0026400000000000035,0.027537290080317134,0.0195675,0.0006374999999999992,0.033676703645007876,5.424752087701372e-05
0.09971895348837209,0.003358672293292994,"(0.09818917898226731, 0.10124872799447687)",0.3954305799648506,0.014425252196839983,0.9326923076923077,0.935672514619883,0.0348553600263312,0.099665,0.0037950000000000067,0.039584854490455894,0.017964999999999995,-0.0009650000000000075,0.05097728473322807,0.00036112405916636364
0.09954734328358208,0.003187062088502987,"(0.09803608118884792, 0.10105860537831625)",0.4112478031634446,0.014061690315801019,0.9207920792079208,0.935672514619883,0.03307443740280143,0.09906,0.0031899999999999984,0.03327422551371648,0.01819000000000001,-0.0007399999999999907,0.03909138932910674,-2.437821872600457e-06
0.1002988392857143,0.0039385580906352025,"(0.09877647850560992, 0.10182120006581868)",0.4094903339191564,0.014186239122465315,0.9801980198019802,0.935672514619883,0.04087325235863193,0.09998,0.0041100000000000025,0.042870553875039144,0.019432500000000005,0.0005025000000000029,0.02654516640253581,0.00012211098479169603
0.09952447058823528,0.003164189393156186,"(0.09794608644347128, 0.10110285473299929)",0.4024604569420035,0.01479622059739189,0.9313725490196079,0.9239766081871345,0.032837070978968604,0.098795,0.002924999999999997,0.030510065713987664,0.02095749999999999,0.0020274999999999876,0.10710512414157355,0.0007320924597182706
0.10069619760479043,0.0043359164097113295,"(0.09921638065927782, 0.10217601455030303)",0.4130052724077329,0.013748389353764205,0.900990099009901,0.9298245614035088,0.04499692566207201,0.10025,0.004380000000000009,0.045686867633253456,0.017835000000000004,-0.0010949999999999988,0.05784469096671942,-0.00031573878390941425
0.10099197492163009,0.004631693726550992,"(0.09948103670323172, 0.10250291314002846)",0.43936731107205623,0.013716329644537131,0.9479166666666666,0.9239766081871345,0.048066419785287244,0.1007,0.004830000000000001,0.05038072389694379,0.018445000000000017,-0.00048499999999998544,0.025620707871103297,-0.0003477984931364881
0.09943637393767704,0.003076092742597944,"(0.09793854440891159, 0.1009342034664425)",0.37961335676625657,0.014308886240748525,0.9528301886792453,0.9298245614035088,0.031922828622412046,0.0988,0.002930000000000002,0.030562219672473162,0.019430000000000003,0.0005000000000000004,0.026413100898045452,0.0002447581030749057
0.10009047337278108,0.0037301921777019853,"(0.09861422282432805, 0.10156672392123411)",0.40597539543058,0.013797735560597582,0.9411764705882353,0.9415204678362573,0.03871088929421345,0.09977,0.0039000000000000007,0.04068008761865027,0.017587499999999992,-0.0013425000000000104,0.07091917591125252,-0.000266392577076037
0.09989441595441595,0.0035341347593368516,"(0.09835834907984063, 0.10143048282899127)",0.38312829525483305,0.014632253283685193,0.9433962264150944,0.9298245614035088,0.036676260337826116,0.0995,0.0036300000000000082,0.037863773860436094,0.018975000000000006,4.500000000000337e-05,0.0023771790808242666,0.0005681251460115735
0.0996374617737003,0.003277180578621197,"(0.09804885646660307, 0.10122606708079752)",0.4253075571177504,0.014602474724426747,0.9393939393939394,0.9239766081871345,0.03400966184383193,0.09933,0.0034600000000000047,0.03609053927193079,0.01969,0.0007599999999999968,0.04014791336502888,0.0005383465867531273
0.10060253048780488,0.004242249292725778,"(0.09909741505578155, 0.1021076459198282)",0.4235500878734622,0.013856331245874497,0.9393939393939394,0.9298245614035088,0.044024874565667206,0.10025,0.004380000000000009,0.045686867633253456,0.017729999999999996,-0.0012000000000000066,0.06339144215530937,-0.00020779689179912207
0.10001305882352941,0.0036527776284503155,"(0.09851682543634624, 0.10150929221071259)",0.4024604569420035,0.014026116098153811,0.9607843137254902,0.9181286549707602,0.037907502792103254,0.099665,0.0037950000000000067,0.039584854490455894,0.018152500000000016,-0.0007774999999999865,0.04107237189645993,-3.801203951980803e-05
0.09969346268656717,0.003333181491488077,"(0.09821232987270306, 0.10117459550043129)",0.4112478031634446,0.013781349388500203,0.9405940594059405,0.9122807017543859,0.03459082362721763,0.09905,0.0031800000000000023,0.03316991759674562,0.01920000000000001,0.00027000000000000635,0.014263074484944866,-0.0002827787491734169
0.09942797546012269,0.003067694265043594,"(0.09790394469133533, 0.10095200622891005)",0.4270650263620387,0.013987307858176139,0.9183673469387755,0.9181286549707602,0.031835671575440094,0.099485,0.003615000000000007,0.03770731198497974,0.018710000000000004,-0.00021999999999999797,0.01162176439513988,-7.682027949748073e-05
0.10036112759643917,0.0040008464013600725,"(0.09884527691259873, 0.10187697828027961)",0.4077328646748682,0.014146731509971422,0.9607843137254902,0.9239766081871345,0.04151966299538348,0.09989,0.00402000000000001,0.041931782622301135,0.019280000000000005,0.0003500000000000031,0.01848917062863196,8.26033722978025e-05
0.10007477744807122,0.003714496252992125,"(0.09854533486022342, 0.10160422003591903)",0.4077328646748682,0.01427357844730587,0.9215686274509803,0.9064327485380117,0.03854800138526179,0.09929,0.0034200000000000064,0.035673307604047216,0.019070000000000004,0.00014000000000000123,0.007395668251452785,0.0002094503096322503
0.09958920903954802,0.003228927844468918,"(0.09813452823005546, 0.10104388984904057)",0.37785588752196836,0.013916488821861037,0.9439252336448598,0.9473684210526315,0.03350890848826012,0.09931000000000001,0.0034400000000000125,0.03588192343798907,0.017912500000000012,-0.0010174999999999906,0.05375066032752195,-0.00014763931581258244
0.1001930909090909,0.0038328097140118006,"(0.09868168233284497, 0.10170449948533683)",0.4200351493848858,0.013956939166721496,0.9292929292929293,0.935672514619883,0.039775825334635216,0.099575,0.003705,0.038646083237717746,0.0187325,-0.00019750000000000323,0.010433174854728115,-0.00010718897095212364
0.10053592920353982,0.004175648008460722,"(0.09905003643270509, 0.10202182197437455)",0.40421792618629176,0.013908533626516617,0.9411764705882353,0.9122807017543859,0.04333370509792538,0.1004,0.004530000000000006,0.0472514863878169,0.01838999999999999,-0.0005400000000000127,0.028526148969889732,-0.00015559451115700236
0.09920762039660057,0.0028473392015214705,"(0.09767686400320498, 0.10073837678999616)",0.37961335676625657,0.014623439233067546,0.9528301886792453,0.9239766081871345,0.029548888465332514,0.09847,0.002600000000000005,0.02712005841243356,0.020659999999999998,0.0017299999999999954,0.09138932910723693,0.000559311095393927
0.10058601307189544,0.004225731876816338,"(0.09897281259181878, 0.10219921355197209)",0.46221441124780316,0.014340827140324962,0.9130434782608695,0.9298245614035088,0.04385346145121188,0.1007,0.004830000000000001,0.05038072389694379,0.019112500000000004,0.0001825000000000021,0.009640781827786693,0.00027669900265134273
0.09962085545722714,0.0032605742621480416,"(0.09813645822814987, 0.10110525268630441)",0.40421792618629176,0.01389453477462653,0.9509803921568627,0.9181286549707602,0.033837326144234535,0.09968,0.003810000000000008,0.03974131636591226,0.019155000000000005,0.00022500000000000298,0.011885895404120599,-0.0001695933630470898
0.09998853731343285,0.0036282561183537537,"(0.09849804811164722, 0.10147902651521848)",0.4112478031634446,0.013868406841926162,0.9207920792079208,0.9122807017543859,0.037653025430762654,0.09898,0.0031100000000000017,0.032439762177949326,0.01837000000000001,-0.0005599999999999911,0.029582673005810405,-0.00019572129574745717
0.1002897994269341,0.003929518231855,"(0.09885504594942077, 0.10172455290444743)",0.3866432337434095,0.013627897781688877,0.9142857142857143,0.9239766081871345,0.0407794392370004,0.09968,0.003810000000000008,0.03974131636591226,0.017630000000000007,-0.0012999999999999956,0.06867406233491788,-0.0004362303559847427
0.09935668789808916,0.00299640670301006,"(0.09780284590809672, 0.1009105298880816)",0.44815465729349735,0.013993973252707355,0.8842105263157894,0.9239766081871345,0.03109586923001922,0.0989,0.003030000000000005,0.031605298842182175,0.018267499999999992,-0.0006625000000000103,0.03499735868991073,-7.015488496626456e-05
0.09922284507042252,0.0028625638753434213,"(0.09775298670025982, 0.10069270344058522)",0.37609841827768015,0.014081671906794956,0.9626168224299065,0.9415204678362573,0.029706885864604616,0.0995,0.0036300000000000082,0.037863773860436094,0.018909999999999996,-2.0000000000006124e-05,0.0010565240359221406,1.7543769121336136e-05
0.10062786786786786,0.004267586672788759,"(0.09911090766679165, 0.10214482806894407)",0.4147627416520211,0.014072204101406615,0.93,0.9181286549707602,0.044287818796928696,0.1002,0.0043300000000000005,0.04516532804839888,0.01883,-0.00010000000000000286,0.005282620179609236,8.075963732995933e-06
0.09993976119402986,0.003579479998950766,"(0.09848402410587012, 0.1013954982821896)",0.4112478031634446,0.013545052301817392,0.9504950495049505,0.9298245614035088,0.03714684052970117,0.09916,0.0032900000000000013,0.03431730468342549,0.017564999999999997,-0.001365000000000005,0.07210776545166428,-0.000519075835856227
0.09984495626822157,0.003484675073142471,"(0.09840364885735246, 0.10128626367909067)",0.39718804920913886,0.013571128342418182,0.9514563106796117,0.9532163742690059,0.03616298157212544,0.1,0.004130000000000009,0.043079169708981006,0.01759000000000001,-0.001339999999999994,0.07078711040676143,-0.0004929997952554371
0.10027557184750734,0.003915290652428238,"(0.0987936182033002, 0.10175752549171448)",0.4007029876977153,0.013912815126549984,0.9320388349514563,0.9298245614035088,0.040631789403995464,0.1001,0.004229999999999998,0.04412224887868987,0.01859999999999999,-0.00033000000000001084,0.017432646592710554,-0.00015131301112363514
0.09908455040871934,0.0027242692136402458,"(0.0976605722707692, 0.10050852854666949)",0.35500878734622143,0.013872340891338856,0.9459459459459459,0.935672514619883,0.028271702612874566,0.09883,0.0029600000000000043,0.03087514342338588,0.018384999999999985,-0.0005450000000000177,0.028790279978870452,-0.0001917872463347639
0.10003646884272996,0.003676187647650861,"(0.09851051711567721, 0.10156242056978271)",0.4077328646748682,0.014240999862269198,0.9509803921568627,0.9181286549707602,0.038150445412342734,0.09965,0.0037800000000000056,0.03942839261499954,0.01811,-0.0008200000000000013,0.04331748547279457,0.0001768717245955783
0.10016617910447762,0.0038058979093985174,"(0.09863265121619695, 0.10169970699275828)",0.4112478031634446,0.014268864633596376,0.9306930693069307,0.9181286549707602,0.03949654216651327,0.09906,0.0031899999999999984,0.03327422551371648,0.018009999999999998,-0.0009200000000000041,0.0486001056524038,0.0002047364959227565
0.09959847887323944,0.0032381976781603455,"(0.09814558591754897, 0.10105137182892991)",0.37609841827768015,0.01391913828776722,0.9626168224299065,0.9239766081871345,0.03360510822508593,0.09879,0.002920000000000006,0.030457911755502304,0.019815,0.0008849999999999969,0.04675118858954024,-0.0001449898499063986
0.09960340974212034,0.0032431285470412435,"(0.09815520843114235, 0.10105161105309833)",0.3866432337434095,0.013755631014410697,0.9904761904761905,0.9298245614035088,0.03365627940080008,0.09968,0.003810000000000008,0.03974131636591226,0.017909999999999995,-0.001020000000000007,0.05388272583201304,-0.00030849712326292203
0.09931475073313785,0.0029544695380587516,"(0.09775265734230233, 0.10087684412397337)",0.4007029876977153,0.014665179738957127,0.9223300970873787,0.9239766081871345,0.030660657082117664,0.09867,0.002799999999999997,0.029206216751851435,0.020529999999999993,0.0015999999999999903,0.08452192287374485,0.0006010516012835074
0.10082820289855073,0.004467921703471628,"(0.09933272224397148, 0.10232368355312997)",0.3936731107205624,0.014122500260984355,0.9230769230769231,0.935672514619883,0.04636683961544723,0.1003,0.004430000000000003,0.04620840721810789,0.018420000000000006,-0.0005099999999999966,0.026941362916006153,5.8372123310735866e-05
0.10105675840978594,0.00469647721470684,"(0.09957141973589018, 0.1025420970836817)",0.4253075571177504,0.013653246873768024,0.9191919191919192,0.9239766081871345,0.04873872467431818,0.1005,0.004630000000000009,0.04829456555752591,0.01796500000000001,-0.0009649999999999936,0.05097728473322734,-0.0004108812639055954
0.09952252148997134,0.0031622402948922462,"(0.09804931766106532, 0.10099572531887736)",0.3866432337434095,0.013993115546735053,0.9142857142857143,0.9298245614035088,0.03281684378328417,0.09872,0.0028500000000000053,0.02972775633670601,0.01873000000000001,-0.00019999999999999185,0.01056524035921774,-7.101259093856595e-05
0.09947574585635358,0.003115464661274478,"(0.09801003136548028, 0.10094146034722687)",0.36379613356766255,0.014180681706204522,0.926605504587156,0.9298245614035088,0.032331419363205195,0.0989,0.003030000000000005,0.031605298842182175,0.017985,-0.0009450000000000014,0.04992076069730593,0.00011655356853090305
0.09947115501519757,0.0031108738201184732,"(0.0978570784234298, 0.10108523160696534)",0.421792618629174,0.01488224785107737,0.9393939393939394,0.935672514619883,0.03228377689995096,0.09933,0.0034600000000000047,0.03609053927193079,0.02008,0.0011499999999999982,0.06075013206550439,0.0008181197134037501
0.09997899425287357,0.003618713057794473,"(0.0984964188723265, 0.10146156963342064)",0.3884007029876977,0.014061799658947709,0.9619047619047619,0.9239766081871345,0.03755399022205502,0.099925,0.004055000000000003,0.04229686033169921,0.01887499999999999,-5.500000000001337e-05,0.0029054410987857035,-2.3284787259107015e-06
0.10077768987341772,0.004417408678338619,"(0.09920153391639967, 0.10235384583043576)",0.4446397188049209,0.014240419849973391,0.9368421052631579,0.9298245614035088,0.04584262959336617,0.1001,0.004229999999999998,0.04412224887868987,0.01855749999999999,-0.0003725000000000117,0.01967776016904446,0.00017629171229977154
0.10003159159159158,0.0036713103965124866,"(0.09850022010260137, 0.1015629630805818)",0.4147627416520211,0.014205891580317523,0.95,0.9298245614035088,0.03809983066653787,0.09965,0.0037800000000000056,0.03942839261499954,0.01831999999999999,-0.0006100000000000133,0.032223983095616124,0.00014176344264390378
0.10036672566371682,0.004006444468637724,"(0.09889932741569478, 0.10183412391173886)",0.40421792618629176,0.013735417707591995,0.9607843137254902,0.9298245614035088,0.041577758169123354,0.09968,0.003810000000000008,0.03974131636591226,0.017080000000000012,-0.0018499999999999905,0.09772847332276759,-0.00032871043008162425
0.09978723214285713,0.0034269509477780347,"(0.09827182594364056, 0.1013026383420737)",0.4094903339191564,0.014121432311385886,0.9405940594059405,0.9181286549707602,0.035563936772250115,0.099795,0.003924999999999998,0.04094085741107748,0.018575000000000008,-0.0003549999999999942,0.018753301637611946,5.7304173712266135e-05
0.09860645251396646,0.002246171318887366,"(0.09709804282460989, 0.10011486220332304)",0.37082601054481545,0.014512355249479475,0.9629629629629629,0.9064327485380117,0.023310136614691335,0.09831,0.0024399999999999977,0.02545113174089911,0.0200225,0.0010924999999999963,0.05771262546222906,0.0004482271118058552
0.09970681957186543,0.0033465383767863344,"(0.09810977477897065, 0.10130386436476022)",0.4253075571177504,0.014680050556192798,0.9292929292929293,0.9122807017543859,0.0347294376405082,0.09968,0.003810000000000008,0.03974131636591226,0.019960000000000006,0.0010300000000000031,0.054410987849973745,0.000615922418519179
0.10002011730205278,0.0036598361069736796,"(0.09849405756262043, 0.10154617704148512)",0.4007029876977153,0.014326890122229425,0.9223300970873787,0.9298245614035088,0.03798075370457282,0.09997,0.004100000000000006,0.042766245958068286,0.018879999999999994,-5.000000000000837e-05,0.002641310089804985,0.0002627619845558052
0.099942,0.0035817188049209053,"(0.09841864903053033, 0.10146535096946968)",0.4112478031634446,0.014174172467897397,0.900990099009901,0.9181286549707602,0.03717007423079018,0.09965,0.0037800000000000056,0.03942839261499954,0.01822499999999999,-0.0007050000000000112,0.03724247226624464,0.00011004433022377726
0.09952265895953757,0.0031623777644584766,"(0.0980114649681634, 0.10103385295091175)",0.39191564147627417,0.014291702138335046,0.9519230769230769,0.9298245614035088,0.032818270403926264,0.099795,0.003924999999999998,0.04094085741107748,0.019030000000000005,0.00010000000000000286,0.005282620179609236,0.000227574000661427
0.09951407932011332,0.0031537981250342184,"(0.09803398409904064, 0.10099417454118599)",0.37961335676625657,0.01413946896964983,0.9433962264150944,0.9415204678362573,0.03272923330982637,0.09906,0.0031899999999999984,0.03327422551371648,0.018210000000000004,-0.0007199999999999984,0.03803486529318533,7.534083197621028e-05
0.09934103857566766,0.002980757380588561,"(0.09782283508675486, 0.10085924206458045)",0.4077328646748682,0.014168689148681322,0.9607843137254902,0.9181286549707602,0.03093346494655914,0.09898,0.0031100000000000017,0.032439762177949326,0.018130000000000007,-0.0007999999999999952,0.04226096143687243,0.00010456101100770297
0.10060280487804879,0.004242523682969693,"(0.09908897677931675, 0.10211663297678084)",0.4235500878734622,0.013936541436656142,0.898989898989899,0.9298245614035088,0.044027722110739846,0.10014999999999999,0.004279999999999992,0.044643788463544304,0.01803499999999998,-0.0008950000000000208,0.04727945060750241,-0.00012758670101747742
0.0996792878338279,0.003319006638748803,"(0.09815890756294353, 0.10119966810471227)",0.4077328646748682,0.014189004045416072,0.9607843137254902,0.9239766081871345,0.034443720977002476,0.09929,0.0034200000000000064,0.035673307604047216,0.01945000000000001,0.0005200000000000066,0.027469624933967592,0.00012487590774245237
0.09965675757575758,0.0032964763806784814,"(0.09812841531038054, 0.10118509984113462)",0.4200351493848858,0.014113311489060691,0.9191919191919192,0.9239766081871345,0.034209908271280814,0.099335,0.0034650000000000097,0.036142693230416294,0.018347500000000003,-0.0005824999999999997,0.030771262546222904,4.9183351387071736e-05
0.09982246987951807,0.0034621886844389688,"(0.09832418209384815, 0.10132075766518799)",0.4165202108963093,0.013877949491866149,0.97,0.935672514619883,0.0359296241304013,0.099105,0.0032350000000000018,0.033743611140085554,0.018102500000000007,-0.0008274999999999949,0.043713681986264914,-0.00018617864580747039
0.09989468656716417,0.0035344053720850754,"(0.09838140255171206, 0.10140797058261629)",0.4112478031634446,0.014080503480690213,0.9603960396039604,0.9239766081871345,0.036679068681106854,0.09965,0.0037800000000000056,0.03942839261499954,0.018990000000000007,6.0000000000004494e-05,0.0031695721077656886,1.6375343016593324e-05
0.09954228323699423,0.0031820020419151274,"(0.09798557867127335, 0.1010989878027151)",0.39191564147627417,0.01472210589617175,0.9326923076923077,0.9298245614035088,0.03302192565703747,0.099405,0.0035349999999999965,0.03687284864921244,0.019282499999999994,0.0003524999999999917,0.01862123613312159,0.0006579777584981312
0.1001768194842407,0.0038165382891616056,"(0.09873463265704605, 0.10161900631143536)",0.3866432337434095,0.013698502893452194,0.9619047619047619,0.9415204678362573,0.039606965046470904,0.09968,0.003810000000000008,0.03974131636591226,0.01723000000000001,-0.0016999999999999932,0.08980454305335409,-0.0003656252442214257
0.10026020588235295,0.003899924687273848,"(0.09878795788094727, 0.10173245388375862)",0.4024604569420035,0.013801270289701772,0.9313725490196079,0.9298245614035088,0.04047232572286234,0.099925,0.004055000000000003,0.04229686033169921,0.018359999999999987,-0.0005700000000000149,0.030110935023772576,-0.0002628578479718473
0.0998356104651163,0.0034753292700372,"(0.09837338755599143, 0.10129783337424117)",0.3954305799648506,0.013788263661048685,0.9038461538461539,0.935672514619883,0.03606599344600789,0.09911,0.0032400000000000068,0.03379576509857105,0.017157500000000006,-0.0017724999999999963,0.09363444268357085,-0.00027586447662493463
0.09940476608187133,0.003044484886792237,"(0.09794520593498846, 0.10086432622875421)",0.3989455184534271,0.013722802238055096,0.9029126213592233,0.9298245614035088,0.03159481115075567,0.099195,0.0033250000000000085,0.0346823823928237,0.018222500000000016,-0.0007074999999999859,0.03737453777073354,-0.00034132589961852373
0.10036306306306307,0.004002781867983973,"(0.09886773861751866, 0.10185838750860748)",0.4147627416520211,0.013871498263827178,0.91,0.9239766081871345,0.041539748725726904,0.09968,0.003810000000000008,0.03974131636591226,0.01824999999999999,-0.0006800000000000139,0.035921817221342515,-0.0001926298738464411
0.10013613569321535,0.0037758544981362496,"(0.09862025191015852, 0.10165201947627217)",0.40421792618629176,0.014189261152870968,0.9313725490196079,0.9239766081871345,0.03918476006200233,0.1001,0.004229999999999998,0.04412224887868987,0.018460000000000004,-0.0004699999999999982,0.024828314844162605,0.00012513301519734808
0.09942461538461539,0.0030643341895362913,"(0.0979325292457178, 0.10091670152351298)",0.4288224956063269,0.013672948090908419,0.8877551020408163,0.9181286549707602,0.03180080165325192,0.09905,0.0031800000000000023,0.03316991759674562,0.018030000000000004,-0.000899999999999998,0.047543581616481666,-0.00039118004676520074
0.09965109510086455,0.00329081390578545,"(0.09816257311285573, 0.10113961708887337)",0.39015817223198596,0.014097759546495822,0.9333333333333333,0.9181286549707602,0.034151144693354264,0.09883,0.0029600000000000043,0.03087514342338588,0.018635000000000013,-0.0002949999999999897,0.015583729529846258,3.3631408822202766e-05
0.10078374631268436,0.00442346511760526,"(0.09928523883204932, 0.1022822537933194)",0.40421792618629176,0.014026612211250492,0.9411764705882353,0.9239766081871345,0.04590548162318103,0.1001,0.004229999999999998,0.04412224887868987,0.018714999999999996,-0.00021500000000000685,0.011357633386159896,-3.7515926423127566e-05
0.09978979228486647,0.003429511089787368,"(0.09828271104950607, 0.10129687352022686)",0.4077328646748682,0.014064890313829658,0.9215686274509803,0.9064327485380117,0.03559050520872189,0.09947,0.003600000000000006,0.03755085010952337,0.018280000000000005,-0.0006499999999999978,0.03433703116745894,7.621761560390461e-07
0.09972483965014577,0.0033645584550666685,"(0.09820958596020833, 0.1012400933400832)",0.39718804920913886,0.014267395104188013,0.9611650485436893,0.9415204678362573,0.03491644496403243,0.09934,0.003470000000000001,0.03619484718890165,0.018144999999999994,-0.0007850000000000079,0.04146856840993174,0.00020326696651439338
0.10032598240469208,0.003965701209612982,"(0.09883767841048229, 0.10181428639890187)",0.4007029876977153,0.013972433216441751,0.9611650485436893,0.9298245614035088,0.04115493604241891,0.09996,0.004089999999999996,0.04266193804109728,0.018229999999999996,-0.0007000000000000062,0.03697834125726392,-9.169492123186837e-05
0.10051256024096386,0.004152279045884763,"(0.09904894598737803, 0.1019761744945497)",0.4165202108963093,0.013556784538397341,0.93,0.9239766081871345,0.0430911885518326,0.099965,0.004095000000000001,0.04271409199958279,0.017329999999999984,-0.001600000000000018,0.08452192287374632,-0.0005073435992762783
0.10069002994011975,0.0043297487450406485,"(0.09922434861967294, 0.10215571126056655)",0.4130052724077329,0.013617060896043183,0.9504950495049505,0.9239766081871345,0.04493291936617718,0.099665,0.0037950000000000067,0.039584854490455894,0.018244999999999997,-0.000685000000000005,0.0361859482303225,-0.0004470672416304368
0.09969298192771084,0.003332700732631741,"(0.0981060449605301, 0.10127991889489157)",0.4165202108963093,0.014699066019190824,0.94,0.9298245614035088,0.03458583444650569,0.099495,0.0036250000000000032,0.037811619901950595,0.020129999999999995,0.0011999999999999927,0.06339144215530865,0.0006349378815172051
0.09937865889212828,0.003018377697049185,"(0.0978455113651904, 0.10091180641906616)",0.39718804920913886,0.014435880714294514,0.9514563106796117,0.935672514619883,0.03132387805031983,0.09906,0.0031899999999999984,0.03327422551371648,0.018129999999999993,-0.000800000000000009,0.04226096143687316,0.00037175257662089463
0.0996336023054755,0.003273321110396396,"(0.09814964300815204, 0.10111756160279894)",0.39015817223198596,0.014054546401721577,0.9142857142857143,0.9298245614035088,0.033969609363941514,0.09968,0.003810000000000008,0.03974131636591226,0.018250000000000002,-0.00068,0.03592181722134179,-9.581735952042189e-06
0.10019716463414635,0.003836883439067254,"(0.09868526297498989, 0.10170906629330281)",0.4235500878734622,0.013918806328559803,0.9191919191919192,0.9298245614035088,0.039818101311883625,0.09986500000000001,0.003995000000000012,0.04167101282987392,0.018452499999999997,-0.0004775000000000057,0.025224511357633685,-0.00014532180911381622
0.09956226086956523,0.0032019796744861273,"(0.09805098304049234, 0.10107353869863811)",0.3936731107205624,0.014271680125147842,0.9615384615384616,0.9239766081871345,0.03322924793052228,0.09929,0.0034200000000000064,0.035673307604047216,0.01944,0.0005099999999999966,0.026941362916006153,0.00020755198747422245
0.10043809090909091,0.00407780971401181,"(0.09898600353651238, 0.10189017828166944)",0.4200351493848858,0.013409143922010595,0.9494949494949495,0.9181286549707602,0.04231836669048714,0.099665,0.0037950000000000067,0.039584854490455894,0.0184575,-0.0004725000000000007,0.024960380348652965,-0.0006549842156630247
0.09971439169139465,0.0033541104963155516,"(0.0981521671696711, 0.1012766162131182)",0.4077328646748682,0.014579517034702104,0.9901960784313726,0.9239766081871345,0.03480801897542447,0.1,0.004130000000000009,0.043079169708981006,0.018890000000000004,-3.999999999999837e-05,0.0021130480718435482,0.0005153888970284848
0.09941150997150999,0.003051228776430895,"(0.09793543970202677, 0.10088758024099322)",0.38312829525483305,0.014060738113089949,0.9245283018867925,0.935672514619883,0.03166479734792134,0.09882,0.002950000000000008,0.030770835506415024,0.017765000000000003,-0.0011649999999999994,0.06154252509244581,-3.390024583670853e-06
0.09943987987987989,0.0030795986848007884,"(0.09786969062391589, 0.10101006913584389)",0.4147627416520211,0.014565987737901897,0.94,0.9298245614035088,0.03195921230829759,0.09906,0.0031899999999999984,0.03327422551371648,0.02008,0.0011499999999999982,0.06075013206550439,0.0005018596002282771
0.09959751428571428,0.003237233090635186,"(0.09809358635383587, 0.1011014422175927)",0.38488576449912126,0.014305540067104883,0.9523809523809523,0.9239766081871345,0.03359509800600814,0.099315,0.0034450000000000036,0.03593407739647443,0.01843750000000001,-0.0004924999999999929,0.026016904384574373,0.00024141192943126326
0.0993377142857143,0.0029774330906351953,"(0.09783338127664215, 0.10084204729478644)",0.38488576449912126,0.014309393209201942,0.9142857142857143,0.9181286549707602,0.030898966396823324,0.09911,0.0032400000000000068,0.03379576509857105,0.017455,-0.001475000000000004,0.07791864764923423,0.0002452650715283229
0.09905618644067796,0.002695905245598859,"(0.09756711721348409, 0.10054525566787183)",0.37785588752196836,0.01424547235379386,0.9345794392523364,0.9298245614035088,0.0279773492995632,0.09851,0.0026400000000000035,0.027537290080317134,0.019750000000000004,0.0008200000000000013,0.04331748547279457,0.0001813442161202397
0.09990163204747773,0.0035413508523986365,"(0.09837900353273384, 0.10142426056222163)",0.4077328646748682,0.014209985862813196,0.9607843137254902,0.9239766081871345,0.03675114692981495,0.09968,0.003810000000000008,0.03974131636591226,0.019339999999999996,0.0004099999999999937,0.021658742736396917,0.0001458577251395761
0.09967307262569833,0.00331279143061923,"(0.0981863747631679, 0.10115977048822876)",0.37082601054481545,0.014303466546205092,0.9074074074074074,0.9239766081871345,0.034379221288412004,0.09956000000000001,0.0036900000000000127,0.03848962136226153,0.019705,0.0007749999999999979,0.0409403063919703,0.00023933840853147294
0.10011552238805972,0.003755241192980624,"(0.09855919879357852, 0.10167184598254092)",0.4112478031634446,0.014480969577033312,0.9207920792079208,0.935672514619883,0.03897084095653714,0.09989,0.00402000000000001,0.041931782622301135,0.018894999999999995,-3.500000000000725e-05,0.0018489170628635627,0.0004168414393596921
0.10020782738095238,0.0038475461858732823,"(0.09873467302286479, 0.10168098173903997)",0.4094903339191564,0.01372770519396821,0.8910891089108911,0.9298245614035088,0.03992875631074609,0.099575,0.003705,0.038646083237717746,0.016915,-0.002015000000000003,0.10644479661912322,-0.0003364229437054101
0.09980619186046513,0.0034459106653860344,"(0.0983316538388467, 0.10128072988208356)",0.3954305799648506,0.013904390974481606,0.9230769230769231,0.9239766081871345,0.035760695409448526,0.099335,0.0034650000000000097,0.036142693230416294,0.018147499999999997,-0.0007825000000000054,0.04133650290544138,-0.0001597371631920138
0.10026356125356126,0.0039032800584821586,"(0.09880812349142809, 0.10171899901569442)",0.38312829525483305,0.013864197143148767,0.9245283018867925,0.9239766081871345,0.04050714682515362,0.1,0.004130000000000009,0.043079169708981006,0.017630000000000007,-0.0012999999999999956,0.06867406233491788,-0.0001999309945248523
0.10012452307692307,0.0037642418818439743,"(0.09861446653142694, 0.1016345796224192)",0.4288224956063269,0.013837622522356399,0.9183673469387755,0.9473684210526315,0.039064247583746214,0.09933,0.0034600000000000047,0.03609053927193079,0.01766999999999999,-0.0012600000000000111,0.06656101426307506,-0.0002265056153172209
0.09948062130177514,0.00312034010669604,"(0.09797863895668855, 0.10098260364686172)",0.40597539543058,0.014038237097291892,0.9411764705882353,0.935672514619883,0.03238201536978691,0.099575,0.003705,0.038646083237717746,0.018505000000000008,-0.0004249999999999948,0.02245113576333834,-2.5891040381727584e-05
0.0995247564469914,0.0031644752519122965,"(0.098070047881341, 0.1009794650126418)",0.3866432337434095,0.013817439682523193,0.9333333333333333,0.9239766081871345,0.032840037541047556,0.09905,0.0031800000000000023,0.03316991759674562,0.018740000000000007,-0.00018999999999999573,0.010036978341257037,-0.00024668845515042614
